,time_step,stimulus,type,familiarity,novelty,dN,steady
0,0,0,fam,0.06666666666666667,2.70805020110221,0.0,2.6964124970220005
1,1,1,fam,0.06578947368421052,2.7212954278522306,0.0,2.6964124970220005
2,2,2,fam,0.06544502617801047,2.7265447837383743,0.0,2.6964124970220005
3,3,0,fam,0.06739811912225706,2.6971381676512274,0.0,2.6964124970220005
4,4,1,fam,0.0673418250156609,2.697973764106782,0.0,2.6964124970220005
5,5,2,fam,0.067319333695153,2.698307807284969,0.0,2.6964124970220005
6,6,0,fam,0.06744391848456767,2.69645886370589,0.0,2.6964124970220005
7,7,1,fam,0.06744031509157056,2.6965122931231384,0.0,2.6964124970220005
8,8,2,fam,0.06743887384218177,2.6965336640907465,0.0,2.6964124970220005
9,9,0,fam,0.06744684558230193,2.6964154641780578,0.0,2.6964124970220005
10,10,1,fam,0.06744661496282986,2.6964188834612632,0.0,2.6964124970220005
11,11,2,fam,0.06744652271548261,2.696420251171272,0.0,2.6964124970220005
12,12,0,fam,0.06744703289994435,2.6964126869187113,0.0,2.6964124970220005
13,13,1,fam,0.06744701814028863,2.6964129057520196,0.0,2.6964124970220005
14,14,2,fam,0.06744701223642816,2.696412993285329,0.0,2.6964124970220005
15,15,0,fam,0.06744704488820541,2.6964125091753846,0.0,2.6964124970220005
16,16,1,fam,0.0674470439435874,2.696412523180713,0.0,2.6964124970220005
17,17,2,fam,0.0674470435657402,2.6964125287828447,0.0,2.6964124970220005
18,18,0,fam,0.06744704565545385,2.696412497799817,0.0,2.6964124970220005
19,19,1,fam,0.0674470455949983,2.6964124986961577,0.0,2.6964124970220005
20,20,2,fam,0.06744704557081607,2.6964124990546945,0.0,2.6964124970220005
21,21,0,fam,0.06744704570455774,2.6964124970717807,0.0,2.6964124970220005
22,22,1,fam,0.06744704570068859,2.6964124971291463,0.0,2.6964124970220005
23,23,2,fam,0.06744704569914092,2.696412497152093,0.0,2.6964124970220005
24,24,0,fam,0.0674470457077004,2.6964124970251864,0.0,2.6964124970220005
25,25,1,fam,0.06744704570745277,2.6964124970288577,0.0,2.6964124970220005
26,26,2,fam,0.06744704570735371,2.6964124970303263,0.0,2.6964124970220005
27,27,0,fam,0.06744704570790153,2.6964124970222043,0.0,2.6964124970220005
28,28,1,fam,0.06744704570788568,2.6964124970224392,0.0,2.6964124970220005
29,29,2,fam,0.06744704570787934,2.6964124970225334,0.0,2.6964124970220005
30,30,0,fam,0.0674470457079144,2.6964124970220134,0.0,2.6964124970220005
31,31,1,fam,0.06744704570791338,2.6964124970220285,0.0,2.6964124970220005
32,32,2,fam,0.06744704570791298,2.6964124970220342,0.0,2.6964124970220005
33,33,0,fam,0.06744704570791521,2.6964124970220014,0.0,2.6964124970220005
34,34,1,fam,0.06744704570791515,2.6964124970220023,0.0,2.6964124970220005
35,35,2,fam,0.06744704570791513,2.6964124970220027,0.0,2.6964124970220005
36,36,0,fam,0.06744704570791528,2.696412497022,0.0,2.6964124970220005
37,37,1,fam,0.06744704570791528,2.696412497022,0.0,2.6964124970220005
38,38,2,fam,0.06744704570791527,2.6964124970220005,0.0,2.6964124970220005
39,39,0,fam,0.06744704570791528,2.696412497022,0.0,2.6964124970220005
40,40,1,fam,0.06744704570791528,2.696412497022,0.0,2.6964124970220005
41,41,2,fam,0.06744704570791528,2.696412497022,0.0,2.6964124970220005
42,42,0,fam,0.06744704570791528,2.696412497022,0.0,2.6964124970220005
43,43,1,fam,0.06744704570791528,2.696412497022,0.0,2.6964124970220005
44,44,2,fam,0.06744704570791528,2.696412497022,0.0,2.6964124970220005
45,45,0,fam,0.06744704570791528,2.696412497022,0.0,2.6964124970220005
46,46,1,fam,0.06744704570791528,2.696412497022,0.0,2.6964124970220005
47,47,2,fam,0.06744704570791528,2.696412497022,0.0,2.6964124970220005
48,48,0,fam,0.06744704570791528,2.696412497022,0.0,2.6964124970220005
49,49,1,fam,0.06744704570791528,2.696412497022,0.0,2.6964124970220005
50,50,2,fam,0.06744704570791528,2.696412497022,0.0,2.6964124970220005
51,51,0,fam,0.06744704570791528,2.696412497022,0.0,2.6964124970220005
52,52,1,fam,0.06744704570791528,2.696412497022,0.0,2.6964124970220005
53,53,2,fam,0.06744704570791528,2.696412497022,0.0,2.6964124970220005
54,54,0,fam,0.06744704570791528,2.696412497022,0.0,2.6964124970220005
55,55,1,fam,0.06744704570791528,2.696412497022,0.0,2.6964124970220005
56,56,2,fam,0.06744704570791528,2.696412497022,0.0,2.6964124970220005
57,57,0,fam,0.06744704570791528,2.696412497022,0.0,2.6964124970220005
58,58,1,fam,0.06744704570791528,2.696412497022,0.0,2.6964124970220005
59,59,2,fam,0.06744704570791528,2.696412497022,0.0,2.6964124970220005
60,60,0,fam,0.06744704570791528,2.696412497022,0.0,2.6964124970220005
61,61,1,fam,0.06744704570791528,2.696412497022,0.0,2.6964124970220005
62,62,2,fam,0.06744704570791528,2.696412497022,0.0,2.6964124970220005
63,63,0,fam,0.06744704570791528,2.696412497022,0.0,2.6964124970220005
64,64,1,fam,0.06744704570791528,2.696412497022,0.0,2.6964124970220005
65,65,2,fam,0.06744704570791528,2.696412497022,0.0,2.6964124970220005
66,66,0,fam_r,0.06744704570791528,2.696412497022,0.0,2.6964124970220005
67,67,1,fam_r,0.06744704570791528,2.696412497022,0.0,2.6964124970220005
68,68,2,fam_r,0.06744704570791528,2.696412497022,0.0,2.6964124970220005
69,69,0,fam_r,0.06744704570791528,2.696412497022,0.0,2.6964124970220005
70,70,1,fam_r,0.06744704570791528,2.696412497022,0.0,2.6964124970220005
71,71,2,fam_r,0.06744704570791528,2.696412497022,0.0,2.6964124970220005
72,72,0,fam_r,0.06744704570791528,2.696412497022,0.0,2.6964124970220005
73,73,1,fam_r,0.06744704570791528,2.696412497022,0.0,2.6964124970220005
74,74,2,fam_r,0.06744704570791528,2.696412497022,0.0,2.6964124970220005
75,75,0,fam_r,0.06744704570791528,2.696412497022,0.0,2.6964124970220005
76,76,1,fam_r,0.06744704570791528,2.696412497022,0.0,2.6964124970220005
77,77,2,fam_r,0.06744704570791528,2.696412497022,0.0,2.6964124970220005
78,78,0,fam_r,0.06744704570791528,2.696412497022,0.0,2.6964124970220005
79,79,1,fam_r,0.06744704570791528,2.696412497022,0.0,2.6964124970220005
80,80,2,fam_r,0.06744704570791528,2.696412497022,0.0,2.6964124970220005
0,0,0,fam,0.06666666666666667,2.70805020110221,73.33333333333334,2.6964124970220005
1,1,1,fam,0.06578947368421052,2.7212954278522306,73.33333333333334,2.6964124970220005
2,2,2,fam,0.06544502617801047,2.7265447837383743,73.33333333333334,2.6964124970220005
3,3,0,fam,0.06739811912225706,2.6971381676512274,73.33333333333334,2.6964124970220005
4,4,1,fam,0.0673418250156609,2.697973764106782,73.33333333333334,2.6964124970220005
5,5,2,fam,0.067319333695153,2.698307807284969,73.33333333333334,2.6964124970220005
6,6,0,fam,0.06744391848456767,2.69645886370589,73.33333333333334,2.6964124970220005
7,7,1,fam,0.06744031509157056,2.6965122931231384,73.33333333333334,2.6964124970220005
8,8,2,fam,0.06743887384218177,2.6965336640907465,73.33333333333334,2.6964124970220005
9,9,0,fam,0.06744684558230193,2.6964154641780578,73.33333333333334,2.6964124970220005
10,10,1,fam,0.06744661496282986,2.6964188834612632,73.33333333333334,2.6964124970220005
11,11,2,fam,0.06744652271548261,2.696420251171272,73.33333333333334,2.6964124970220005
12,12,0,fam,0.06744703289994435,2.6964126869187113,73.33333333333334,2.6964124970220005
13,13,1,fam,0.06744701814028863,2.6964129057520196,73.33333333333334,2.6964124970220005
14,14,2,fam,0.06744701223642816,2.696412993285329,73.33333333333334,2.6964124970220005
15,15,0,fam,0.06744704488820541,2.6964125091753846,73.33333333333334,2.6964124970220005
16,16,1,fam,0.0674470439435874,2.696412523180713,73.33333333333334,2.6964124970220005
17,17,2,fam,0.0674470435657402,2.6964125287828447,73.33333333333334,2.6964124970220005
18,18,0,fam,0.06744704565545385,2.696412497799817,73.33333333333334,2.6964124970220005
19,19,1,fam,0.0674470455949983,2.6964124986961577,73.33333333333334,2.6964124970220005
20,20,2,fam,0.06744704557081607,2.6964124990546945,73.33333333333334,2.6964124970220005
21,21,0,fam,0.06744704570455774,2.6964124970717807,73.33333333333334,2.6964124970220005
22,22,1,fam,0.06744704570068859,2.6964124971291463,73.33333333333334,2.6964124970220005
23,23,2,fam,0.06744704569914092,2.696412497152093,73.33333333333334,2.6964124970220005
24,24,0,fam,0.0674470457077004,2.6964124970251864,73.33333333333334,2.6964124970220005
25,25,1,fam,0.06744704570745277,2.6964124970288577,73.33333333333334,2.6964124970220005
26,26,2,fam,0.06744704570735371,2.6964124970303263,73.33333333333334,2.6964124970220005
27,27,0,fam,0.06744704570790153,2.6964124970222043,73.33333333333334,2.6964124970220005
28,28,1,fam,0.06744704570788568,2.6964124970224392,73.33333333333334,2.6964124970220005
29,29,2,fam,0.06744704570787934,2.6964124970225334,73.33333333333334,2.6964124970220005
30,30,0,fam,0.0674470457079144,2.6964124970220134,73.33333333333334,2.6964124970220005
31,31,1,fam,0.06744704570791338,2.6964124970220285,73.33333333333334,2.6964124970220005
32,32,2,fam,0.06744704570791298,2.6964124970220342,73.33333333333334,2.6964124970220005
33,33,0,fam,0.06744704570791521,2.6964124970220014,73.33333333333334,2.6964124970220005
34,34,1,fam,0.06744704570791515,2.6964124970220023,73.33333333333334,2.6964124970220005
35,35,2,fam,0.06744704570791513,2.6964124970220027,73.33333333333334,2.6964124970220005
36,36,0,fam,0.06744704570791528,2.696412497022,73.33333333333334,2.6964124970220005
37,37,1,fam,0.06744704570791528,2.696412497022,73.33333333333334,2.6964124970220005
38,38,2,fam,0.06744704570791527,2.6964124970220005,73.33333333333334,2.6964124970220005
39,39,0,fam,0.06744704570791528,2.696412497022,73.33333333333334,2.6964124970220005
40,40,1,fam,0.06744704570791528,2.696412497022,73.33333333333334,2.6964124970220005
41,41,2,fam,0.06744704570791528,2.696412497022,73.33333333333334,2.6964124970220005
42,42,0,fam,0.06744704570791528,2.696412497022,73.33333333333334,2.6964124970220005
43,43,1,fam,0.06744704570791528,2.696412497022,73.33333333333334,2.6964124970220005
44,44,2,fam,0.06744704570791528,2.696412497022,73.33333333333334,2.6964124970220005
45,45,0,fam,0.06744704570791528,2.696412497022,73.33333333333334,2.6964124970220005
46,46,1,fam,0.06744704570791528,2.696412497022,73.33333333333334,2.6964124970220005
47,47,2,fam,0.06744704570791528,2.696412497022,73.33333333333334,2.6964124970220005
48,48,0,fam,0.06744704570791528,2.696412497022,73.33333333333334,2.6964124970220005
49,49,1,fam,0.06744704570791528,2.696412497022,73.33333333333334,2.6964124970220005
50,50,2,fam,0.06744704570791528,2.696412497022,73.33333333333334,2.6964124970220005
51,51,0,fam,0.06744704570791528,2.696412497022,73.33333333333334,2.6964124970220005
52,52,1,fam,0.06744704570791528,2.696412497022,73.33333333333334,2.6964124970220005
53,53,2,fam,0.06744704570791528,2.696412497022,73.33333333333334,2.6964124970220005
54,54,0,fam,0.06744704570791528,2.696412497022,73.33333333333334,2.6964124970220005
55,55,1,fam,0.06744704570791528,2.696412497022,73.33333333333334,2.6964124970220005
56,56,2,fam,0.06744704570791528,2.696412497022,73.33333333333334,2.6964124970220005
57,57,0,fam,0.06744704570791528,2.696412497022,73.33333333333334,2.6964124970220005
58,58,1,fam,0.06744704570791528,2.696412497022,73.33333333333334,2.6964124970220005
59,59,2,fam,0.06744704570791528,2.696412497022,73.33333333333334,2.6964124970220005
60,60,0,fam,0.06744704570791528,2.696412497022,73.33333333333334,2.6964124970220005
61,61,1,fam,0.06744704570791528,2.696412497022,73.33333333333334,2.6964124970220005
62,62,2,fam,0.06744704570791528,2.696412497022,73.33333333333334,2.6964124970220005
63,63,0,fam,0.06744704570791528,2.696412497022,73.33333333333334,2.6964124970220005
64,64,1,fam,0.06744704570791528,2.696412497022,73.33333333333334,2.6964124970220005
65,65,2,fam,0.06744704570791528,2.696412497022,73.33333333333334,2.6964124970220005
66,66,3,recov,0.06521739130434782,2.7300291078209855,73.33333333333334,2.6964124970220005
67,67,4,recov,0.06521739130434782,2.7300291078209855,73.33333333333334,2.6964124970220005
68,68,5,recov,0.06521739130434782,2.7300291078209855,73.33333333333334,2.6964124970220005
69,69,3,recov,0.06730434782608695,2.6985304407616146,73.33333333333334,2.6964124970220005
70,70,4,recov,0.06730434782608695,2.6985304407616146,73.33333333333334,2.6964124970220005
71,71,5,recov,0.06730434782608695,2.6985304407616146,73.33333333333334,2.6964124970220005
72,72,3,recov,0.06743791304347825,2.696547911148757,73.33333333333334,2.6964124970220005
73,73,4,recov,0.06743791304347825,2.696547911148757,73.33333333333334,2.6964124970220005
74,74,5,recov,0.06743791304347825,2.696547911148757,73.33333333333334,2.6964124970220005
75,75,3,recov,0.0674464612173913,2.6964211629769053,73.33333333333334,2.6964124970220005
76,76,4,recov,0.0674464612173913,2.6964211629769053,73.33333333333334,2.6964124970220005
77,77,5,recov,0.0674464612173913,2.6964211629769053,73.33333333333334,2.6964124970220005
78,78,3,recov,0.06744700830052174,2.696413051640865,73.33333333333334,2.6964124970220005
79,79,4,recov,0.06744700830052174,2.696413051640865,73.33333333333334,2.6964124970220005
80,80,5,recov,0.06744700830052174,2.696413051640865,73.33333333333334,2.6964124970220005
81,81,3,recov,0.06744704331384208,2.6964125325175985,73.33333333333334,2.6964124970220005
82,82,4,recov,0.06744704331384208,2.6964125325175985,73.33333333333334,2.6964124970220005
83,83,5,recov,0.06744704331384208,2.6964125325175985,73.33333333333334,2.6964124970220005
84,84,3,recov,0.06744704555469459,2.6964124992937184,73.33333333333334,2.6964124970220005
85,85,4,recov,0.06744704555469459,2.6964124992937184,73.33333333333334,2.6964124970220005
86,86,5,recov,0.06744704555469459,2.6964124992937184,73.33333333333334,2.6964124970220005
87,87,3,recov,0.06744704569810915,2.6964124971673904,73.33333333333334,2.6964124970220005
88,88,4,recov,0.06744704569810915,2.6964124971673904,73.33333333333334,2.6964124970220005
89,89,5,recov,0.06744704569810915,2.6964124971673904,73.33333333333334,2.6964124970220005
90,90,3,recov,0.06744704570728768,2.6964124970313055,73.33333333333334,2.6964124970220005
91,91,4,recov,0.06744704570728768,2.6964124970313055,73.33333333333334,2.6964124970220005
92,92,5,recov,0.06744704570728768,2.6964124970313055,73.33333333333334,2.6964124970220005
93,93,3,recov,0.0674470457078751,2.696412497022596,73.33333333333334,2.6964124970220005
94,94,4,recov,0.0674470457078751,2.696412497022596,73.33333333333334,2.6964124970220005
95,95,5,recov,0.0674470457078751,2.696412497022596,73.33333333333334,2.6964124970220005
96,96,3,recov,0.0674470457079127,2.6964124970220387,73.33333333333334,2.6964124970220005
97,97,4,recov,0.0674470457079127,2.6964124970220387,73.33333333333334,2.6964124970220005
98,98,5,recov,0.0674470457079127,2.6964124970220387,73.33333333333334,2.6964124970220005
99,99,3,recov,0.0674470457079151,2.696412497022003,73.33333333333334,2.6964124970220005
100,100,4,recov,0.0674470457079151,2.696412497022003,73.33333333333334,2.6964124970220005
101,101,5,recov,0.0674470457079151,2.696412497022003,73.33333333333334,2.6964124970220005
102,102,3,recov,0.06744704570791527,2.6964124970220005,73.33333333333334,2.6964124970220005
103,103,4,recov,0.06744704570791527,2.6964124970220005,73.33333333333334,2.6964124970220005
104,104,5,recov,0.06744704570791527,2.6964124970220005,73.33333333333334,2.6964124970220005
105,105,3,recov,0.06744704570791528,2.696412497022,73.33333333333334,2.6964124970220005
106,106,4,recov,0.06744704570791528,2.696412497022,73.33333333333334,2.6964124970220005
107,107,5,recov,0.06744704570791528,2.696412497022,73.33333333333334,2.6964124970220005
108,108,3,recov,0.06744704570791528,2.696412497022,73.33333333333334,2.6964124970220005
109,109,4,recov,0.06744704570791528,2.696412497022,73.33333333333334,2.6964124970220005
110,110,5,recov,0.06744704570791528,2.696412497022,73.33333333333334,2.6964124970220005
111,111,3,recov,0.06744704570791528,2.696412497022,73.33333333333334,2.6964124970220005
112,112,4,recov,0.06744704570791528,2.696412497022,73.33333333333334,2.6964124970220005
113,113,5,recov,0.06744704570791528,2.696412497022,73.33333333333334,2.6964124970220005
114,114,3,recov,0.06744704570791528,2.696412497022,73.33333333333334,2.6964124970220005
115,115,4,recov,0.06744704570791528,2.696412497022,73.33333333333334,2.6964124970220005
116,116,5,recov,0.06744704570791528,2.696412497022,73.33333333333334,2.6964124970220005
117,117,3,recov,0.06744704570791528,2.696412497022,73.33333333333334,2.6964124970220005
118,118,4,recov,0.06744704570791528,2.696412497022,73.33333333333334,2.6964124970220005
119,119,5,recov,0.06744704570791528,2.696412497022,73.33333333333334,2.6964124970220005
120,120,3,recov,0.06744704570791528,2.696412497022,73.33333333333334,2.6964124970220005
121,121,4,recov,0.06744704570791528,2.696412497022,73.33333333333334,2.6964124970220005
122,122,5,recov,0.06744704570791528,2.696412497022,73.33333333333334,2.6964124970220005
123,123,3,recov,0.06744704570791528,2.696412497022,73.33333333333334,2.6964124970220005
124,124,4,recov,0.06744704570791528,2.696412497022,73.33333333333334,2.6964124970220005
125,125,5,recov,0.06744704570791528,2.696412497022,73.33333333333334,2.6964124970220005
126,126,3,recov,0.06744704570791528,2.696412497022,73.33333333333334,2.6964124970220005
127,127,4,recov,0.06744704570791528,2.696412497022,73.33333333333334,2.6964124970220005
128,128,5,recov,0.06744704570791528,2.696412497022,73.33333333333334,2.6964124970220005
129,129,3,recov,0.06744704570791528,2.696412497022,73.33333333333334,2.6964124970220005
130,130,4,recov,0.06744704570791528,2.696412497022,73.33333333333334,2.6964124970220005
131,131,5,recov,0.06744704570791528,2.696412497022,73.33333333333334,2.6964124970220005
132,132,3,recov,0.06744704570791528,2.696412497022,73.33333333333334,2.6964124970220005
133,133,4,recov,0.06744704570791528,2.696412497022,73.33333333333334,2.6964124970220005
134,134,5,recov,0.06744704570791528,2.696412497022,73.33333333333334,2.6964124970220005
135,135,3,recov,0.06744704570791528,2.696412497022,73.33333333333334,2.6964124970220005
136,136,4,recov,0.06744704570791528,2.696412497022,73.33333333333334,2.6964124970220005
137,137,5,recov,0.06744704570791528,2.696412497022,73.33333333333334,2.6964124970220005
138,138,0,fam_r,0.06521739130434782,2.7300291078209855,73.33333333333334,2.6964124970220005
139,139,1,fam_r,0.06521739130434782,2.7300291078209855,73.33333333333334,2.6964124970220005
140,140,2,fam_r,0.06521739130434782,2.7300291078209855,73.33333333333334,2.6964124970220005
141,141,0,fam_r,0.06730434782608695,2.6985304407616146,73.33333333333334,2.6964124970220005
142,142,1,fam_r,0.06730434782608695,2.6985304407616146,73.33333333333334,2.6964124970220005
143,143,2,fam_r,0.06730434782608695,2.6985304407616146,73.33333333333334,2.6964124970220005
144,144,0,fam_r,0.06743791304347825,2.696547911148757,73.33333333333334,2.6964124970220005
145,145,1,fam_r,0.06743791304347825,2.696547911148757,73.33333333333334,2.6964124970220005
146,146,2,fam_r,0.06743791304347825,2.696547911148757,73.33333333333334,2.6964124970220005
147,147,0,fam_r,0.0674464612173913,2.6964211629769053,73.33333333333334,2.6964124970220005
148,148,1,fam_r,0.0674464612173913,2.6964211629769053,73.33333333333334,2.6964124970220005
149,149,2,fam_r,0.0674464612173913,2.6964211629769053,73.33333333333334,2.6964124970220005
150,150,0,fam_r,0.06744700830052174,2.696413051640865,73.33333333333334,2.6964124970220005
151,151,1,fam_r,0.06744700830052174,2.696413051640865,73.33333333333334,2.6964124970220005
152,152,2,fam_r,0.06744700830052174,2.696413051640865,73.33333333333334,2.6964124970220005
0,0,0,fam,0.06666666666666667,2.70805020110221,146.66666666666669,2.6964124970220005
1,1,1,fam,0.06578947368421052,2.7212954278522306,146.66666666666669,2.6964124970220005
2,2,2,fam,0.06544502617801047,2.7265447837383743,146.66666666666669,2.6964124970220005
3,3,0,fam,0.06739811912225706,2.6971381676512274,146.66666666666669,2.6964124970220005
4,4,1,fam,0.0673418250156609,2.697973764106782,146.66666666666669,2.6964124970220005
5,5,2,fam,0.067319333695153,2.698307807284969,146.66666666666669,2.6964124970220005
6,6,0,fam,0.06744391848456767,2.69645886370589,146.66666666666669,2.6964124970220005
7,7,1,fam,0.06744031509157056,2.6965122931231384,146.66666666666669,2.6964124970220005
8,8,2,fam,0.06743887384218177,2.6965336640907465,146.66666666666669,2.6964124970220005
9,9,0,fam,0.06744684558230193,2.6964154641780578,146.66666666666669,2.6964124970220005
10,10,1,fam,0.06744661496282986,2.6964188834612632,146.66666666666669,2.6964124970220005
11,11,2,fam,0.06744652271548261,2.696420251171272,146.66666666666669,2.6964124970220005
12,12,0,fam,0.06744703289994435,2.6964126869187113,146.66666666666669,2.6964124970220005
13,13,1,fam,0.06744701814028863,2.6964129057520196,146.66666666666669,2.6964124970220005
14,14,2,fam,0.06744701223642816,2.696412993285329,146.66666666666669,2.6964124970220005
15,15,0,fam,0.06744704488820541,2.6964125091753846,146.66666666666669,2.6964124970220005
16,16,1,fam,0.0674470439435874,2.696412523180713,146.66666666666669,2.6964124970220005
17,17,2,fam,0.0674470435657402,2.6964125287828447,146.66666666666669,2.6964124970220005
18,18,0,fam,0.06744704565545385,2.696412497799817,146.66666666666669,2.6964124970220005
19,19,1,fam,0.0674470455949983,2.6964124986961577,146.66666666666669,2.6964124970220005
20,20,2,fam,0.06744704557081607,2.6964124990546945,146.66666666666669,2.6964124970220005
21,21,0,fam,0.06744704570455774,2.6964124970717807,146.66666666666669,2.6964124970220005
22,22,1,fam,0.06744704570068859,2.6964124971291463,146.66666666666669,2.6964124970220005
23,23,2,fam,0.06744704569914092,2.696412497152093,146.66666666666669,2.6964124970220005
24,24,0,fam,0.0674470457077004,2.6964124970251864,146.66666666666669,2.6964124970220005
25,25,1,fam,0.06744704570745277,2.6964124970288577,146.66666666666669,2.6964124970220005
26,26,2,fam,0.06744704570735371,2.6964124970303263,146.66666666666669,2.6964124970220005
27,27,0,fam,0.06744704570790153,2.6964124970222043,146.66666666666669,2.6964124970220005
28,28,1,fam,0.06744704570788568,2.6964124970224392,146.66666666666669,2.6964124970220005
29,29,2,fam,0.06744704570787934,2.6964124970225334,146.66666666666669,2.6964124970220005
30,30,0,fam,0.0674470457079144,2.6964124970220134,146.66666666666669,2.6964124970220005
31,31,1,fam,0.06744704570791338,2.6964124970220285,146.66666666666669,2.6964124970220005
32,32,2,fam,0.06744704570791298,2.6964124970220342,146.66666666666669,2.6964124970220005
33,33,0,fam,0.06744704570791521,2.6964124970220014,146.66666666666669,2.6964124970220005
34,34,1,fam,0.06744704570791515,2.6964124970220023,146.66666666666669,2.6964124970220005
35,35,2,fam,0.06744704570791513,2.6964124970220027,146.66666666666669,2.6964124970220005
36,36,0,fam,0.06744704570791528,2.696412497022,146.66666666666669,2.6964124970220005
37,37,1,fam,0.06744704570791528,2.696412497022,146.66666666666669,2.6964124970220005
38,38,2,fam,0.06744704570791527,2.6964124970220005,146.66666666666669,2.6964124970220005
39,39,0,fam,0.06744704570791528,2.696412497022,146.66666666666669,2.6964124970220005
40,40,1,fam,0.06744704570791528,2.696412497022,146.66666666666669,2.6964124970220005
41,41,2,fam,0.06744704570791528,2.696412497022,146.66666666666669,2.6964124970220005
42,42,0,fam,0.06744704570791528,2.696412497022,146.66666666666669,2.6964124970220005
43,43,1,fam,0.06744704570791528,2.696412497022,146.66666666666669,2.6964124970220005
44,44,2,fam,0.06744704570791528,2.696412497022,146.66666666666669,2.6964124970220005
45,45,0,fam,0.06744704570791528,2.696412497022,146.66666666666669,2.6964124970220005
46,46,1,fam,0.06744704570791528,2.696412497022,146.66666666666669,2.6964124970220005
47,47,2,fam,0.06744704570791528,2.696412497022,146.66666666666669,2.6964124970220005
48,48,0,fam,0.06744704570791528,2.696412497022,146.66666666666669,2.6964124970220005
49,49,1,fam,0.06744704570791528,2.696412497022,146.66666666666669,2.6964124970220005
50,50,2,fam,0.06744704570791528,2.696412497022,146.66666666666669,2.6964124970220005
51,51,0,fam,0.06744704570791528,2.696412497022,146.66666666666669,2.6964124970220005
52,52,1,fam,0.06744704570791528,2.696412497022,146.66666666666669,2.6964124970220005
53,53,2,fam,0.06744704570791528,2.696412497022,146.66666666666669,2.6964124970220005
54,54,0,fam,0.06744704570791528,2.696412497022,146.66666666666669,2.6964124970220005
55,55,1,fam,0.06744704570791528,2.696412497022,146.66666666666669,2.6964124970220005
56,56,2,fam,0.06744704570791528,2.696412497022,146.66666666666669,2.6964124970220005
57,57,0,fam,0.06744704570791528,2.696412497022,146.66666666666669,2.6964124970220005
58,58,1,fam,0.06744704570791528,2.696412497022,146.66666666666669,2.6964124970220005
59,59,2,fam,0.06744704570791528,2.696412497022,146.66666666666669,2.6964124970220005
60,60,0,fam,0.06744704570791528,2.696412497022,146.66666666666669,2.6964124970220005
61,61,1,fam,0.06744704570791528,2.696412497022,146.66666666666669,2.6964124970220005
62,62,2,fam,0.06744704570791528,2.696412497022,146.66666666666669,2.6964124970220005
63,63,0,fam,0.06744704570791528,2.696412497022,146.66666666666669,2.6964124970220005
64,64,1,fam,0.06744704570791528,2.696412497022,146.66666666666669,2.6964124970220005
65,65,2,fam,0.06744704570791528,2.696412497022,146.66666666666669,2.6964124970220005
66,66,3,recov,0.06521739130434782,2.7300291078209855,146.66666666666669,2.6964124970220005
67,67,4,recov,0.06521739130434782,2.7300291078209855,146.66666666666669,2.6964124970220005
68,68,5,recov,0.06521739130434782,2.7300291078209855,146.66666666666669,2.6964124970220005
69,69,3,recov,0.06730434782608695,2.6985304407616146,146.66666666666669,2.6964124970220005
70,70,4,recov,0.06730434782608695,2.6985304407616146,146.66666666666669,2.6964124970220005
71,71,5,recov,0.06730434782608695,2.6985304407616146,146.66666666666669,2.6964124970220005
72,72,3,recov,0.06743791304347825,2.696547911148757,146.66666666666669,2.6964124970220005
73,73,4,recov,0.06743791304347825,2.696547911148757,146.66666666666669,2.6964124970220005
74,74,5,recov,0.06743791304347825,2.696547911148757,146.66666666666669,2.6964124970220005
75,75,3,recov,0.0674464612173913,2.6964211629769053,146.66666666666669,2.6964124970220005
76,76,4,recov,0.0674464612173913,2.6964211629769053,146.66666666666669,2.6964124970220005
77,77,5,recov,0.0674464612173913,2.6964211629769053,146.66666666666669,2.6964124970220005
78,78,3,recov,0.06744700830052174,2.696413051640865,146.66666666666669,2.6964124970220005
79,79,4,recov,0.06744700830052174,2.696413051640865,146.66666666666669,2.6964124970220005
80,80,5,recov,0.06744700830052174,2.696413051640865,146.66666666666669,2.6964124970220005
81,81,3,recov,0.06744704331384208,2.6964125325175985,146.66666666666669,2.6964124970220005
82,82,4,recov,0.06744704331384208,2.6964125325175985,146.66666666666669,2.6964124970220005
83,83,5,recov,0.06744704331384208,2.6964125325175985,146.66666666666669,2.6964124970220005
84,84,3,recov,0.06744704555469459,2.6964124992937184,146.66666666666669,2.6964124970220005
85,85,4,recov,0.06744704555469459,2.6964124992937184,146.66666666666669,2.6964124970220005
86,86,5,recov,0.06744704555469459,2.6964124992937184,146.66666666666669,2.6964124970220005
87,87,3,recov,0.06744704569810915,2.6964124971673904,146.66666666666669,2.6964124970220005
88,88,4,recov,0.06744704569810915,2.6964124971673904,146.66666666666669,2.6964124970220005
89,89,5,recov,0.06744704569810915,2.6964124971673904,146.66666666666669,2.6964124970220005
90,90,3,recov,0.06744704570728768,2.6964124970313055,146.66666666666669,2.6964124970220005
91,91,4,recov,0.06744704570728768,2.6964124970313055,146.66666666666669,2.6964124970220005
92,92,5,recov,0.06744704570728768,2.6964124970313055,146.66666666666669,2.6964124970220005
93,93,3,recov,0.0674470457078751,2.696412497022596,146.66666666666669,2.6964124970220005
94,94,4,recov,0.0674470457078751,2.696412497022596,146.66666666666669,2.6964124970220005
95,95,5,recov,0.0674470457078751,2.696412497022596,146.66666666666669,2.6964124970220005
96,96,3,recov,0.0674470457079127,2.6964124970220387,146.66666666666669,2.6964124970220005
97,97,4,recov,0.0674470457079127,2.6964124970220387,146.66666666666669,2.6964124970220005
98,98,5,recov,0.0674470457079127,2.6964124970220387,146.66666666666669,2.6964124970220005
99,99,3,recov,0.0674470457079151,2.696412497022003,146.66666666666669,2.6964124970220005
100,100,4,recov,0.0674470457079151,2.696412497022003,146.66666666666669,2.6964124970220005
101,101,5,recov,0.0674470457079151,2.696412497022003,146.66666666666669,2.6964124970220005
102,102,3,recov,0.06744704570791527,2.6964124970220005,146.66666666666669,2.6964124970220005
103,103,4,recov,0.06744704570791527,2.6964124970220005,146.66666666666669,2.6964124970220005
104,104,5,recov,0.06744704570791527,2.6964124970220005,146.66666666666669,2.6964124970220005
105,105,3,recov,0.06744704570791528,2.696412497022,146.66666666666669,2.6964124970220005
106,106,4,recov,0.06744704570791528,2.696412497022,146.66666666666669,2.6964124970220005
107,107,5,recov,0.06744704570791528,2.696412497022,146.66666666666669,2.6964124970220005
108,108,3,recov,0.06744704570791528,2.696412497022,146.66666666666669,2.6964124970220005
109,109,4,recov,0.06744704570791528,2.696412497022,146.66666666666669,2.6964124970220005
110,110,5,recov,0.06744704570791528,2.696412497022,146.66666666666669,2.6964124970220005
111,111,3,recov,0.06744704570791528,2.696412497022,146.66666666666669,2.6964124970220005
112,112,4,recov,0.06744704570791528,2.696412497022,146.66666666666669,2.6964124970220005
113,113,5,recov,0.06744704570791528,2.696412497022,146.66666666666669,2.6964124970220005
114,114,3,recov,0.06744704570791528,2.696412497022,146.66666666666669,2.6964124970220005
115,115,4,recov,0.06744704570791528,2.696412497022,146.66666666666669,2.6964124970220005
116,116,5,recov,0.06744704570791528,2.696412497022,146.66666666666669,2.6964124970220005
117,117,3,recov,0.06744704570791528,2.696412497022,146.66666666666669,2.6964124970220005
118,118,4,recov,0.06744704570791528,2.696412497022,146.66666666666669,2.6964124970220005
119,119,5,recov,0.06744704570791528,2.696412497022,146.66666666666669,2.6964124970220005
120,120,3,recov,0.06744704570791528,2.696412497022,146.66666666666669,2.6964124970220005
121,121,4,recov,0.06744704570791528,2.696412497022,146.66666666666669,2.6964124970220005
122,122,5,recov,0.06744704570791528,2.696412497022,146.66666666666669,2.6964124970220005
123,123,3,recov,0.06744704570791528,2.696412497022,146.66666666666669,2.6964124970220005
124,124,4,recov,0.06744704570791528,2.696412497022,146.66666666666669,2.6964124970220005
125,125,5,recov,0.06744704570791528,2.696412497022,146.66666666666669,2.6964124970220005
126,126,3,recov,0.06744704570791528,2.696412497022,146.66666666666669,2.6964124970220005
127,127,4,recov,0.06744704570791528,2.696412497022,146.66666666666669,2.6964124970220005
128,128,5,recov,0.06744704570791528,2.696412497022,146.66666666666669,2.6964124970220005
129,129,3,recov,0.06744704570791528,2.696412497022,146.66666666666669,2.6964124970220005
130,130,4,recov,0.06744704570791528,2.696412497022,146.66666666666669,2.6964124970220005
131,131,5,recov,0.06744704570791528,2.696412497022,146.66666666666669,2.6964124970220005
132,132,3,recov,0.06744704570791528,2.696412497022,146.66666666666669,2.6964124970220005
133,133,4,recov,0.06744704570791528,2.696412497022,146.66666666666669,2.6964124970220005
134,134,5,recov,0.06744704570791528,2.696412497022,146.66666666666669,2.6964124970220005
135,135,3,recov,0.06744704570791528,2.696412497022,146.66666666666669,2.6964124970220005
136,136,4,recov,0.06744704570791528,2.696412497022,146.66666666666669,2.6964124970220005
137,137,5,recov,0.06744704570791528,2.696412497022,146.66666666666669,2.6964124970220005
138,138,3,recov,0.06744704570791528,2.696412497022,146.66666666666669,2.6964124970220005
139,139,4,recov,0.06744704570791528,2.696412497022,146.66666666666669,2.6964124970220005
140,140,5,recov,0.06744704570791528,2.696412497022,146.66666666666669,2.6964124970220005
141,141,3,recov,0.06744704570791528,2.696412497022,146.66666666666669,2.6964124970220005
142,142,4,recov,0.06744704570791528,2.696412497022,146.66666666666669,2.6964124970220005
143,143,5,recov,0.06744704570791528,2.696412497022,146.66666666666669,2.6964124970220005
144,144,3,recov,0.06744704570791528,2.696412497022,146.66666666666669,2.6964124970220005
145,145,4,recov,0.06744704570791528,2.696412497022,146.66666666666669,2.6964124970220005
146,146,5,recov,0.06744704570791528,2.696412497022,146.66666666666669,2.6964124970220005
147,147,3,recov,0.06744704570791528,2.696412497022,146.66666666666669,2.6964124970220005
148,148,4,recov,0.06744704570791528,2.696412497022,146.66666666666669,2.6964124970220005
149,149,5,recov,0.06744704570791528,2.696412497022,146.66666666666669,2.6964124970220005
150,150,3,recov,0.06744704570791528,2.696412497022,146.66666666666669,2.6964124970220005
151,151,4,recov,0.06744704570791528,2.696412497022,146.66666666666669,2.6964124970220005
152,152,5,recov,0.06744704570791528,2.696412497022,146.66666666666669,2.6964124970220005
153,153,3,recov,0.06744704570791528,2.696412497022,146.66666666666669,2.6964124970220005
154,154,4,recov,0.06744704570791528,2.696412497022,146.66666666666669,2.6964124970220005
155,155,5,recov,0.06744704570791528,2.696412497022,146.66666666666669,2.6964124970220005
156,156,3,recov,0.06744704570791528,2.696412497022,146.66666666666669,2.6964124970220005
157,157,4,recov,0.06744704570791528,2.696412497022,146.66666666666669,2.6964124970220005
158,158,5,recov,0.06744704570791528,2.696412497022,146.66666666666669,2.6964124970220005
159,159,3,recov,0.06744704570791528,2.696412497022,146.66666666666669,2.6964124970220005
160,160,4,recov,0.06744704570791528,2.696412497022,146.66666666666669,2.6964124970220005
161,161,5,recov,0.06744704570791528,2.696412497022,146.66666666666669,2.6964124970220005
162,162,3,recov,0.06744704570791528,2.696412497022,146.66666666666669,2.6964124970220005
163,163,4,recov,0.06744704570791528,2.696412497022,146.66666666666669,2.6964124970220005
164,164,5,recov,0.06744704570791528,2.696412497022,146.66666666666669,2.6964124970220005
165,165,3,recov,0.06744704570791528,2.696412497022,146.66666666666669,2.6964124970220005
166,166,4,recov,0.06744704570791528,2.696412497022,146.66666666666669,2.6964124970220005
167,167,5,recov,0.06744704570791528,2.696412497022,146.66666666666669,2.6964124970220005
168,168,3,recov,0.06744704570791528,2.696412497022,146.66666666666669,2.6964124970220005
169,169,4,recov,0.06744704570791528,2.696412497022,146.66666666666669,2.6964124970220005
170,170,5,recov,0.06744704570791528,2.696412497022,146.66666666666669,2.6964124970220005
171,171,3,recov,0.06744704570791528,2.696412497022,146.66666666666669,2.6964124970220005
172,172,4,recov,0.06744704570791528,2.696412497022,146.66666666666669,2.6964124970220005
173,173,5,recov,0.06744704570791528,2.696412497022,146.66666666666669,2.6964124970220005
174,174,3,recov,0.06744704570791528,2.696412497022,146.66666666666669,2.6964124970220005
175,175,4,recov,0.06744704570791528,2.696412497022,146.66666666666669,2.6964124970220005
176,176,5,recov,0.06744704570791528,2.696412497022,146.66666666666669,2.6964124970220005
177,177,3,recov,0.06744704570791528,2.696412497022,146.66666666666669,2.6964124970220005
178,178,4,recov,0.06744704570791528,2.696412497022,146.66666666666669,2.6964124970220005
179,179,5,recov,0.06744704570791528,2.696412497022,146.66666666666669,2.6964124970220005
180,180,3,recov,0.06744704570791528,2.696412497022,146.66666666666669,2.6964124970220005
181,181,4,recov,0.06744704570791528,2.696412497022,146.66666666666669,2.6964124970220005
182,182,5,recov,0.06744704570791528,2.696412497022,146.66666666666669,2.6964124970220005
183,183,3,recov,0.06744704570791528,2.696412497022,146.66666666666669,2.6964124970220005
184,184,4,recov,0.06744704570791528,2.696412497022,146.66666666666669,2.6964124970220005
185,185,5,recov,0.06744704570791528,2.696412497022,146.66666666666669,2.6964124970220005
186,186,3,recov,0.06744704570791528,2.696412497022,146.66666666666669,2.6964124970220005
187,187,4,recov,0.06744704570791528,2.696412497022,146.66666666666669,2.6964124970220005
188,188,5,recov,0.06744704570791528,2.696412497022,146.66666666666669,2.6964124970220005
189,189,3,recov,0.06744704570791528,2.696412497022,146.66666666666669,2.6964124970220005
190,190,4,recov,0.06744704570791528,2.696412497022,146.66666666666669,2.6964124970220005
191,191,5,recov,0.06744704570791528,2.696412497022,146.66666666666669,2.6964124970220005
192,192,3,recov,0.06744704570791528,2.696412497022,146.66666666666669,2.6964124970220005
193,193,4,recov,0.06744704570791528,2.696412497022,146.66666666666669,2.6964124970220005
194,194,5,recov,0.06744704570791528,2.696412497022,146.66666666666669,2.6964124970220005
195,195,3,recov,0.06744704570791528,2.696412497022,146.66666666666669,2.6964124970220005
196,196,4,recov,0.06744704570791528,2.696412497022,146.66666666666669,2.6964124970220005
197,197,5,recov,0.06744704570791528,2.696412497022,146.66666666666669,2.6964124970220005
198,198,3,recov,0.06744704570791528,2.696412497022,146.66666666666669,2.6964124970220005
199,199,4,recov,0.06744704570791528,2.696412497022,146.66666666666669,2.6964124970220005
200,200,5,recov,0.06744704570791528,2.696412497022,146.66666666666669,2.6964124970220005
201,201,3,recov,0.06744704570791528,2.696412497022,146.66666666666669,2.6964124970220005
202,202,4,recov,0.06744704570791528,2.696412497022,146.66666666666669,2.6964124970220005
203,203,5,recov,0.06744704570791528,2.696412497022,146.66666666666669,2.6964124970220005
204,204,3,recov,0.06744704570791528,2.696412497022,146.66666666666669,2.6964124970220005
205,205,4,recov,0.06744704570791528,2.696412497022,146.66666666666669,2.6964124970220005
206,206,5,recov,0.06744704570791528,2.696412497022,146.66666666666669,2.6964124970220005
207,207,3,recov,0.06744704570791528,2.696412497022,146.66666666666669,2.6964124970220005
208,208,4,recov,0.06744704570791528,2.696412497022,146.66666666666669,2.6964124970220005
209,209,5,recov,0.06744704570791528,2.696412497022,146.66666666666669,2.6964124970220005
210,210,3,recov,0.06744704570791528,2.696412497022,146.66666666666669,2.6964124970220005
211,211,4,recov,0.06744704570791528,2.696412497022,146.66666666666669,2.6964124970220005
212,212,5,recov,0.06744704570791528,2.696412497022,146.66666666666669,2.6964124970220005
213,213,0,fam_r,0.06521739130434782,2.7300291078209855,146.66666666666669,2.6964124970220005
214,214,1,fam_r,0.06521739130434782,2.7300291078209855,146.66666666666669,2.6964124970220005
215,215,2,fam_r,0.06521739130434782,2.7300291078209855,146.66666666666669,2.6964124970220005
216,216,0,fam_r,0.06730434782608695,2.6985304407616146,146.66666666666669,2.6964124970220005
217,217,1,fam_r,0.06730434782608695,2.6985304407616146,146.66666666666669,2.6964124970220005
218,218,2,fam_r,0.06730434782608695,2.6985304407616146,146.66666666666669,2.6964124970220005
219,219,0,fam_r,0.06743791304347825,2.696547911148757,146.66666666666669,2.6964124970220005
220,220,1,fam_r,0.06743791304347825,2.696547911148757,146.66666666666669,2.6964124970220005
221,221,2,fam_r,0.06743791304347825,2.696547911148757,146.66666666666669,2.6964124970220005
222,222,0,fam_r,0.0674464612173913,2.6964211629769053,146.66666666666669,2.6964124970220005
223,223,1,fam_r,0.0674464612173913,2.6964211629769053,146.66666666666669,2.6964124970220005
224,224,2,fam_r,0.0674464612173913,2.6964211629769053,146.66666666666669,2.6964124970220005
225,225,0,fam_r,0.06744700830052174,2.696413051640865,146.66666666666669,2.6964124970220005
226,226,1,fam_r,0.06744700830052174,2.696413051640865,146.66666666666669,2.6964124970220005
227,227,2,fam_r,0.06744700830052174,2.696413051640865,146.66666666666669,2.6964124970220005
0,0,0,fam,0.06666666666666667,2.70805020110221,220.0,2.6964124970220005
1,1,1,fam,0.06578947368421052,2.7212954278522306,220.0,2.6964124970220005
2,2,2,fam,0.06544502617801047,2.7265447837383743,220.0,2.6964124970220005
3,3,0,fam,0.06739811912225706,2.6971381676512274,220.0,2.6964124970220005
4,4,1,fam,0.0673418250156609,2.697973764106782,220.0,2.6964124970220005
5,5,2,fam,0.067319333695153,2.698307807284969,220.0,2.6964124970220005
6,6,0,fam,0.06744391848456767,2.69645886370589,220.0,2.6964124970220005
7,7,1,fam,0.06744031509157056,2.6965122931231384,220.0,2.6964124970220005
8,8,2,fam,0.06743887384218177,2.6965336640907465,220.0,2.6964124970220005
9,9,0,fam,0.06744684558230193,2.6964154641780578,220.0,2.6964124970220005
10,10,1,fam,0.06744661496282986,2.6964188834612632,220.0,2.6964124970220005
11,11,2,fam,0.06744652271548261,2.696420251171272,220.0,2.6964124970220005
12,12,0,fam,0.06744703289994435,2.6964126869187113,220.0,2.6964124970220005
13,13,1,fam,0.06744701814028863,2.6964129057520196,220.0,2.6964124970220005
14,14,2,fam,0.06744701223642816,2.696412993285329,220.0,2.6964124970220005
15,15,0,fam,0.06744704488820541,2.6964125091753846,220.0,2.6964124970220005
16,16,1,fam,0.0674470439435874,2.696412523180713,220.0,2.6964124970220005
17,17,2,fam,0.0674470435657402,2.6964125287828447,220.0,2.6964124970220005
18,18,0,fam,0.06744704565545385,2.696412497799817,220.0,2.6964124970220005
19,19,1,fam,0.0674470455949983,2.6964124986961577,220.0,2.6964124970220005
20,20,2,fam,0.06744704557081607,2.6964124990546945,220.0,2.6964124970220005
21,21,0,fam,0.06744704570455774,2.6964124970717807,220.0,2.6964124970220005
22,22,1,fam,0.06744704570068859,2.6964124971291463,220.0,2.6964124970220005
23,23,2,fam,0.06744704569914092,2.696412497152093,220.0,2.6964124970220005
24,24,0,fam,0.0674470457077004,2.6964124970251864,220.0,2.6964124970220005
25,25,1,fam,0.06744704570745277,2.6964124970288577,220.0,2.6964124970220005
26,26,2,fam,0.06744704570735371,2.6964124970303263,220.0,2.6964124970220005
27,27,0,fam,0.06744704570790153,2.6964124970222043,220.0,2.6964124970220005
28,28,1,fam,0.06744704570788568,2.6964124970224392,220.0,2.6964124970220005
29,29,2,fam,0.06744704570787934,2.6964124970225334,220.0,2.6964124970220005
30,30,0,fam,0.0674470457079144,2.6964124970220134,220.0,2.6964124970220005
31,31,1,fam,0.06744704570791338,2.6964124970220285,220.0,2.6964124970220005
32,32,2,fam,0.06744704570791298,2.6964124970220342,220.0,2.6964124970220005
33,33,0,fam,0.06744704570791521,2.6964124970220014,220.0,2.6964124970220005
34,34,1,fam,0.06744704570791515,2.6964124970220023,220.0,2.6964124970220005
35,35,2,fam,0.06744704570791513,2.6964124970220027,220.0,2.6964124970220005
36,36,0,fam,0.06744704570791528,2.696412497022,220.0,2.6964124970220005
37,37,1,fam,0.06744704570791528,2.696412497022,220.0,2.6964124970220005
38,38,2,fam,0.06744704570791527,2.6964124970220005,220.0,2.6964124970220005
39,39,0,fam,0.06744704570791528,2.696412497022,220.0,2.6964124970220005
40,40,1,fam,0.06744704570791528,2.696412497022,220.0,2.6964124970220005
41,41,2,fam,0.06744704570791528,2.696412497022,220.0,2.6964124970220005
42,42,0,fam,0.06744704570791528,2.696412497022,220.0,2.6964124970220005
43,43,1,fam,0.06744704570791528,2.696412497022,220.0,2.6964124970220005
44,44,2,fam,0.06744704570791528,2.696412497022,220.0,2.6964124970220005
45,45,0,fam,0.06744704570791528,2.696412497022,220.0,2.6964124970220005
46,46,1,fam,0.06744704570791528,2.696412497022,220.0,2.6964124970220005
47,47,2,fam,0.06744704570791528,2.696412497022,220.0,2.6964124970220005
48,48,0,fam,0.06744704570791528,2.696412497022,220.0,2.6964124970220005
49,49,1,fam,0.06744704570791528,2.696412497022,220.0,2.6964124970220005
50,50,2,fam,0.06744704570791528,2.696412497022,220.0,2.6964124970220005
51,51,0,fam,0.06744704570791528,2.696412497022,220.0,2.6964124970220005
52,52,1,fam,0.06744704570791528,2.696412497022,220.0,2.6964124970220005
53,53,2,fam,0.06744704570791528,2.696412497022,220.0,2.6964124970220005
54,54,0,fam,0.06744704570791528,2.696412497022,220.0,2.6964124970220005
55,55,1,fam,0.06744704570791528,2.696412497022,220.0,2.6964124970220005
56,56,2,fam,0.06744704570791528,2.696412497022,220.0,2.6964124970220005
57,57,0,fam,0.06744704570791528,2.696412497022,220.0,2.6964124970220005
58,58,1,fam,0.06744704570791528,2.696412497022,220.0,2.6964124970220005
59,59,2,fam,0.06744704570791528,2.696412497022,220.0,2.6964124970220005
60,60,0,fam,0.06744704570791528,2.696412497022,220.0,2.6964124970220005
61,61,1,fam,0.06744704570791528,2.696412497022,220.0,2.6964124970220005
62,62,2,fam,0.06744704570791528,2.696412497022,220.0,2.6964124970220005
63,63,0,fam,0.06744704570791528,2.696412497022,220.0,2.6964124970220005
64,64,1,fam,0.06744704570791528,2.696412497022,220.0,2.6964124970220005
65,65,2,fam,0.06744704570791528,2.696412497022,220.0,2.6964124970220005
66,66,3,recov,0.06521739130434782,2.7300291078209855,220.0,2.6964124970220005
67,67,4,recov,0.06521739130434782,2.7300291078209855,220.0,2.6964124970220005
68,68,5,recov,0.06521739130434782,2.7300291078209855,220.0,2.6964124970220005
69,69,3,recov,0.06730434782608695,2.6985304407616146,220.0,2.6964124970220005
70,70,4,recov,0.06730434782608695,2.6985304407616146,220.0,2.6964124970220005
71,71,5,recov,0.06730434782608695,2.6985304407616146,220.0,2.6964124970220005
72,72,3,recov,0.06743791304347825,2.696547911148757,220.0,2.6964124970220005
73,73,4,recov,0.06743791304347825,2.696547911148757,220.0,2.6964124970220005
74,74,5,recov,0.06743791304347825,2.696547911148757,220.0,2.6964124970220005
75,75,3,recov,0.0674464612173913,2.6964211629769053,220.0,2.6964124970220005
76,76,4,recov,0.0674464612173913,2.6964211629769053,220.0,2.6964124970220005
77,77,5,recov,0.0674464612173913,2.6964211629769053,220.0,2.6964124970220005
78,78,3,recov,0.06744700830052174,2.696413051640865,220.0,2.6964124970220005
79,79,4,recov,0.06744700830052174,2.696413051640865,220.0,2.6964124970220005
80,80,5,recov,0.06744700830052174,2.696413051640865,220.0,2.6964124970220005
81,81,3,recov,0.06744704331384208,2.6964125325175985,220.0,2.6964124970220005
82,82,4,recov,0.06744704331384208,2.6964125325175985,220.0,2.6964124970220005
83,83,5,recov,0.06744704331384208,2.6964125325175985,220.0,2.6964124970220005
84,84,3,recov,0.06744704555469459,2.6964124992937184,220.0,2.6964124970220005
85,85,4,recov,0.06744704555469459,2.6964124992937184,220.0,2.6964124970220005
86,86,5,recov,0.06744704555469459,2.6964124992937184,220.0,2.6964124970220005
87,87,3,recov,0.06744704569810915,2.6964124971673904,220.0,2.6964124970220005
88,88,4,recov,0.06744704569810915,2.6964124971673904,220.0,2.6964124970220005
89,89,5,recov,0.06744704569810915,2.6964124971673904,220.0,2.6964124970220005
90,90,3,recov,0.06744704570728768,2.6964124970313055,220.0,2.6964124970220005
91,91,4,recov,0.06744704570728768,2.6964124970313055,220.0,2.6964124970220005
92,92,5,recov,0.06744704570728768,2.6964124970313055,220.0,2.6964124970220005
93,93,3,recov,0.0674470457078751,2.696412497022596,220.0,2.6964124970220005
94,94,4,recov,0.0674470457078751,2.696412497022596,220.0,2.6964124970220005
95,95,5,recov,0.0674470457078751,2.696412497022596,220.0,2.6964124970220005
96,96,3,recov,0.0674470457079127,2.6964124970220387,220.0,2.6964124970220005
97,97,4,recov,0.0674470457079127,2.6964124970220387,220.0,2.6964124970220005
98,98,5,recov,0.0674470457079127,2.6964124970220387,220.0,2.6964124970220005
99,99,3,recov,0.0674470457079151,2.696412497022003,220.0,2.6964124970220005
100,100,4,recov,0.0674470457079151,2.696412497022003,220.0,2.6964124970220005
101,101,5,recov,0.0674470457079151,2.696412497022003,220.0,2.6964124970220005
102,102,3,recov,0.06744704570791527,2.6964124970220005,220.0,2.6964124970220005
103,103,4,recov,0.06744704570791527,2.6964124970220005,220.0,2.6964124970220005
104,104,5,recov,0.06744704570791527,2.6964124970220005,220.0,2.6964124970220005
105,105,3,recov,0.06744704570791528,2.696412497022,220.0,2.6964124970220005
106,106,4,recov,0.06744704570791528,2.696412497022,220.0,2.6964124970220005
107,107,5,recov,0.06744704570791528,2.696412497022,220.0,2.6964124970220005
108,108,3,recov,0.06744704570791528,2.696412497022,220.0,2.6964124970220005
109,109,4,recov,0.06744704570791528,2.696412497022,220.0,2.6964124970220005
110,110,5,recov,0.06744704570791528,2.696412497022,220.0,2.6964124970220005
111,111,3,recov,0.06744704570791528,2.696412497022,220.0,2.6964124970220005
112,112,4,recov,0.06744704570791528,2.696412497022,220.0,2.6964124970220005
113,113,5,recov,0.06744704570791528,2.696412497022,220.0,2.6964124970220005
114,114,3,recov,0.06744704570791528,2.696412497022,220.0,2.6964124970220005
115,115,4,recov,0.06744704570791528,2.696412497022,220.0,2.6964124970220005
116,116,5,recov,0.06744704570791528,2.696412497022,220.0,2.6964124970220005
117,117,3,recov,0.06744704570791528,2.696412497022,220.0,2.6964124970220005
118,118,4,recov,0.06744704570791528,2.696412497022,220.0,2.6964124970220005
119,119,5,recov,0.06744704570791528,2.696412497022,220.0,2.6964124970220005
120,120,3,recov,0.06744704570791528,2.696412497022,220.0,2.6964124970220005
121,121,4,recov,0.06744704570791528,2.696412497022,220.0,2.6964124970220005
122,122,5,recov,0.06744704570791528,2.696412497022,220.0,2.6964124970220005
123,123,3,recov,0.06744704570791528,2.696412497022,220.0,2.6964124970220005
124,124,4,recov,0.06744704570791528,2.696412497022,220.0,2.6964124970220005
125,125,5,recov,0.06744704570791528,2.696412497022,220.0,2.6964124970220005
126,126,3,recov,0.06744704570791528,2.696412497022,220.0,2.6964124970220005
127,127,4,recov,0.06744704570791528,2.696412497022,220.0,2.6964124970220005
128,128,5,recov,0.06744704570791528,2.696412497022,220.0,2.6964124970220005
129,129,3,recov,0.06744704570791528,2.696412497022,220.0,2.6964124970220005
130,130,4,recov,0.06744704570791528,2.696412497022,220.0,2.6964124970220005
131,131,5,recov,0.06744704570791528,2.696412497022,220.0,2.6964124970220005
132,132,3,recov,0.06744704570791528,2.696412497022,220.0,2.6964124970220005
133,133,4,recov,0.06744704570791528,2.696412497022,220.0,2.6964124970220005
134,134,5,recov,0.06744704570791528,2.696412497022,220.0,2.6964124970220005
135,135,3,recov,0.06744704570791528,2.696412497022,220.0,2.6964124970220005
136,136,4,recov,0.06744704570791528,2.696412497022,220.0,2.6964124970220005
137,137,5,recov,0.06744704570791528,2.696412497022,220.0,2.6964124970220005
138,138,3,recov,0.06744704570791528,2.696412497022,220.0,2.6964124970220005
139,139,4,recov,0.06744704570791528,2.696412497022,220.0,2.6964124970220005
140,140,5,recov,0.06744704570791528,2.696412497022,220.0,2.6964124970220005
141,141,3,recov,0.06744704570791528,2.696412497022,220.0,2.6964124970220005
142,142,4,recov,0.06744704570791528,2.696412497022,220.0,2.6964124970220005
143,143,5,recov,0.06744704570791528,2.696412497022,220.0,2.6964124970220005
144,144,3,recov,0.06744704570791528,2.696412497022,220.0,2.6964124970220005
145,145,4,recov,0.06744704570791528,2.696412497022,220.0,2.6964124970220005
146,146,5,recov,0.06744704570791528,2.696412497022,220.0,2.6964124970220005
147,147,3,recov,0.06744704570791528,2.696412497022,220.0,2.6964124970220005
148,148,4,recov,0.06744704570791528,2.696412497022,220.0,2.6964124970220005
149,149,5,recov,0.06744704570791528,2.696412497022,220.0,2.6964124970220005
150,150,3,recov,0.06744704570791528,2.696412497022,220.0,2.6964124970220005
151,151,4,recov,0.06744704570791528,2.696412497022,220.0,2.6964124970220005
152,152,5,recov,0.06744704570791528,2.696412497022,220.0,2.6964124970220005
153,153,3,recov,0.06744704570791528,2.696412497022,220.0,2.6964124970220005
154,154,4,recov,0.06744704570791528,2.696412497022,220.0,2.6964124970220005
155,155,5,recov,0.06744704570791528,2.696412497022,220.0,2.6964124970220005
156,156,3,recov,0.06744704570791528,2.696412497022,220.0,2.6964124970220005
157,157,4,recov,0.06744704570791528,2.696412497022,220.0,2.6964124970220005
158,158,5,recov,0.06744704570791528,2.696412497022,220.0,2.6964124970220005
159,159,3,recov,0.06744704570791528,2.696412497022,220.0,2.6964124970220005
160,160,4,recov,0.06744704570791528,2.696412497022,220.0,2.6964124970220005
161,161,5,recov,0.06744704570791528,2.696412497022,220.0,2.6964124970220005
162,162,3,recov,0.06744704570791528,2.696412497022,220.0,2.6964124970220005
163,163,4,recov,0.06744704570791528,2.696412497022,220.0,2.6964124970220005
164,164,5,recov,0.06744704570791528,2.696412497022,220.0,2.6964124970220005
165,165,3,recov,0.06744704570791528,2.696412497022,220.0,2.6964124970220005
166,166,4,recov,0.06744704570791528,2.696412497022,220.0,2.6964124970220005
167,167,5,recov,0.06744704570791528,2.696412497022,220.0,2.6964124970220005
168,168,3,recov,0.06744704570791528,2.696412497022,220.0,2.6964124970220005
169,169,4,recov,0.06744704570791528,2.696412497022,220.0,2.6964124970220005
170,170,5,recov,0.06744704570791528,2.696412497022,220.0,2.6964124970220005
171,171,3,recov,0.06744704570791528,2.696412497022,220.0,2.6964124970220005
172,172,4,recov,0.06744704570791528,2.696412497022,220.0,2.6964124970220005
173,173,5,recov,0.06744704570791528,2.696412497022,220.0,2.6964124970220005
174,174,3,recov,0.06744704570791528,2.696412497022,220.0,2.6964124970220005
175,175,4,recov,0.06744704570791528,2.696412497022,220.0,2.6964124970220005
176,176,5,recov,0.06744704570791528,2.696412497022,220.0,2.6964124970220005
177,177,3,recov,0.06744704570791528,2.696412497022,220.0,2.6964124970220005
178,178,4,recov,0.06744704570791528,2.696412497022,220.0,2.6964124970220005
179,179,5,recov,0.06744704570791528,2.696412497022,220.0,2.6964124970220005
180,180,3,recov,0.06744704570791528,2.696412497022,220.0,2.6964124970220005
181,181,4,recov,0.06744704570791528,2.696412497022,220.0,2.6964124970220005
182,182,5,recov,0.06744704570791528,2.696412497022,220.0,2.6964124970220005
183,183,3,recov,0.06744704570791528,2.696412497022,220.0,2.6964124970220005
184,184,4,recov,0.06744704570791528,2.696412497022,220.0,2.6964124970220005
185,185,5,recov,0.06744704570791528,2.696412497022,220.0,2.6964124970220005
186,186,3,recov,0.06744704570791528,2.696412497022,220.0,2.6964124970220005
187,187,4,recov,0.06744704570791528,2.696412497022,220.0,2.6964124970220005
188,188,5,recov,0.06744704570791528,2.696412497022,220.0,2.6964124970220005
189,189,3,recov,0.06744704570791528,2.696412497022,220.0,2.6964124970220005
190,190,4,recov,0.06744704570791528,2.696412497022,220.0,2.6964124970220005
191,191,5,recov,0.06744704570791528,2.696412497022,220.0,2.6964124970220005
192,192,3,recov,0.06744704570791528,2.696412497022,220.0,2.6964124970220005
193,193,4,recov,0.06744704570791528,2.696412497022,220.0,2.6964124970220005
194,194,5,recov,0.06744704570791528,2.696412497022,220.0,2.6964124970220005
195,195,3,recov,0.06744704570791528,2.696412497022,220.0,2.6964124970220005
196,196,4,recov,0.06744704570791528,2.696412497022,220.0,2.6964124970220005
197,197,5,recov,0.06744704570791528,2.696412497022,220.0,2.6964124970220005
198,198,3,recov,0.06744704570791528,2.696412497022,220.0,2.6964124970220005
199,199,4,recov,0.06744704570791528,2.696412497022,220.0,2.6964124970220005
200,200,5,recov,0.06744704570791528,2.696412497022,220.0,2.6964124970220005
201,201,3,recov,0.06744704570791528,2.696412497022,220.0,2.6964124970220005
202,202,4,recov,0.06744704570791528,2.696412497022,220.0,2.6964124970220005
203,203,5,recov,0.06744704570791528,2.696412497022,220.0,2.6964124970220005
204,204,3,recov,0.06744704570791528,2.696412497022,220.0,2.6964124970220005
205,205,4,recov,0.06744704570791528,2.696412497022,220.0,2.6964124970220005
206,206,5,recov,0.06744704570791528,2.696412497022,220.0,2.6964124970220005
207,207,3,recov,0.06744704570791528,2.696412497022,220.0,2.6964124970220005
208,208,4,recov,0.06744704570791528,2.696412497022,220.0,2.6964124970220005
209,209,5,recov,0.06744704570791528,2.696412497022,220.0,2.6964124970220005
210,210,3,recov,0.06744704570791528,2.696412497022,220.0,2.6964124970220005
211,211,4,recov,0.06744704570791528,2.696412497022,220.0,2.6964124970220005
212,212,5,recov,0.06744704570791528,2.696412497022,220.0,2.6964124970220005
213,213,3,recov,0.06744704570791528,2.696412497022,220.0,2.6964124970220005
214,214,4,recov,0.06744704570791528,2.696412497022,220.0,2.6964124970220005
215,215,5,recov,0.06744704570791528,2.696412497022,220.0,2.6964124970220005
216,216,3,recov,0.06744704570791528,2.696412497022,220.0,2.6964124970220005
217,217,4,recov,0.06744704570791528,2.696412497022,220.0,2.6964124970220005
218,218,5,recov,0.06744704570791528,2.696412497022,220.0,2.6964124970220005
219,219,3,recov,0.06744704570791528,2.696412497022,220.0,2.6964124970220005
220,220,4,recov,0.06744704570791528,2.696412497022,220.0,2.6964124970220005
221,221,5,recov,0.06744704570791528,2.696412497022,220.0,2.6964124970220005
222,222,3,recov,0.06744704570791528,2.696412497022,220.0,2.6964124970220005
223,223,4,recov,0.06744704570791528,2.696412497022,220.0,2.6964124970220005
224,224,5,recov,0.06744704570791528,2.696412497022,220.0,2.6964124970220005
225,225,3,recov,0.06744704570791528,2.696412497022,220.0,2.6964124970220005
226,226,4,recov,0.06744704570791528,2.696412497022,220.0,2.6964124970220005
227,227,5,recov,0.06744704570791528,2.696412497022,220.0,2.6964124970220005
228,228,3,recov,0.06744704570791528,2.696412497022,220.0,2.6964124970220005
229,229,4,recov,0.06744704570791528,2.696412497022,220.0,2.6964124970220005
230,230,5,recov,0.06744704570791528,2.696412497022,220.0,2.6964124970220005
231,231,3,recov,0.06744704570791528,2.696412497022,220.0,2.6964124970220005
232,232,4,recov,0.06744704570791528,2.696412497022,220.0,2.6964124970220005
233,233,5,recov,0.06744704570791528,2.696412497022,220.0,2.6964124970220005
234,234,3,recov,0.06744704570791528,2.696412497022,220.0,2.6964124970220005
235,235,4,recov,0.06744704570791528,2.696412497022,220.0,2.6964124970220005
236,236,5,recov,0.06744704570791528,2.696412497022,220.0,2.6964124970220005
237,237,3,recov,0.06744704570791528,2.696412497022,220.0,2.6964124970220005
238,238,4,recov,0.06744704570791528,2.696412497022,220.0,2.6964124970220005
239,239,5,recov,0.06744704570791528,2.696412497022,220.0,2.6964124970220005
240,240,3,recov,0.06744704570791528,2.696412497022,220.0,2.6964124970220005
241,241,4,recov,0.06744704570791528,2.696412497022,220.0,2.6964124970220005
242,242,5,recov,0.06744704570791528,2.696412497022,220.0,2.6964124970220005
243,243,3,recov,0.06744704570791528,2.696412497022,220.0,2.6964124970220005
244,244,4,recov,0.06744704570791528,2.696412497022,220.0,2.6964124970220005
245,245,5,recov,0.06744704570791528,2.696412497022,220.0,2.6964124970220005
246,246,3,recov,0.06744704570791528,2.696412497022,220.0,2.6964124970220005
247,247,4,recov,0.06744704570791528,2.696412497022,220.0,2.6964124970220005
248,248,5,recov,0.06744704570791528,2.696412497022,220.0,2.6964124970220005
249,249,3,recov,0.06744704570791528,2.696412497022,220.0,2.6964124970220005
250,250,4,recov,0.06744704570791528,2.696412497022,220.0,2.6964124970220005
251,251,5,recov,0.06744704570791528,2.696412497022,220.0,2.6964124970220005
252,252,3,recov,0.06744704570791528,2.696412497022,220.0,2.6964124970220005
253,253,4,recov,0.06744704570791528,2.696412497022,220.0,2.6964124970220005
254,254,5,recov,0.06744704570791528,2.696412497022,220.0,2.6964124970220005
255,255,3,recov,0.06744704570791528,2.696412497022,220.0,2.6964124970220005
256,256,4,recov,0.06744704570791528,2.696412497022,220.0,2.6964124970220005
257,257,5,recov,0.06744704570791528,2.696412497022,220.0,2.6964124970220005
258,258,3,recov,0.06744704570791528,2.696412497022,220.0,2.6964124970220005
259,259,4,recov,0.06744704570791528,2.696412497022,220.0,2.6964124970220005
260,260,5,recov,0.06744704570791528,2.696412497022,220.0,2.6964124970220005
261,261,3,recov,0.06744704570791528,2.696412497022,220.0,2.6964124970220005
262,262,4,recov,0.06744704570791528,2.696412497022,220.0,2.6964124970220005
263,263,5,recov,0.06744704570791528,2.696412497022,220.0,2.6964124970220005
264,264,3,recov,0.06744704570791528,2.696412497022,220.0,2.6964124970220005
265,265,4,recov,0.06744704570791528,2.696412497022,220.0,2.6964124970220005
266,266,5,recov,0.06744704570791528,2.696412497022,220.0,2.6964124970220005
267,267,3,recov,0.06744704570791528,2.696412497022,220.0,2.6964124970220005
268,268,4,recov,0.06744704570791528,2.696412497022,220.0,2.6964124970220005
269,269,5,recov,0.06744704570791528,2.696412497022,220.0,2.6964124970220005
270,270,3,recov,0.06744704570791528,2.696412497022,220.0,2.6964124970220005
271,271,4,recov,0.06744704570791528,2.696412497022,220.0,2.6964124970220005
272,272,5,recov,0.06744704570791528,2.696412497022,220.0,2.6964124970220005
273,273,3,recov,0.06744704570791528,2.696412497022,220.0,2.6964124970220005
274,274,4,recov,0.06744704570791528,2.696412497022,220.0,2.6964124970220005
275,275,5,recov,0.06744704570791528,2.696412497022,220.0,2.6964124970220005
276,276,3,recov,0.06744704570791528,2.696412497022,220.0,2.6964124970220005
277,277,4,recov,0.06744704570791528,2.696412497022,220.0,2.6964124970220005
278,278,5,recov,0.06744704570791528,2.696412497022,220.0,2.6964124970220005
279,279,3,recov,0.06744704570791528,2.696412497022,220.0,2.6964124970220005
280,280,4,recov,0.06744704570791528,2.696412497022,220.0,2.6964124970220005
281,281,5,recov,0.06744704570791528,2.696412497022,220.0,2.6964124970220005
282,282,3,recov,0.06744704570791528,2.696412497022,220.0,2.6964124970220005
283,283,4,recov,0.06744704570791528,2.696412497022,220.0,2.6964124970220005
284,284,5,recov,0.06744704570791528,2.696412497022,220.0,2.6964124970220005
285,285,0,fam_r,0.06521739130434782,2.7300291078209855,220.0,2.6964124970220005
286,286,1,fam_r,0.06521739130434782,2.7300291078209855,220.0,2.6964124970220005
287,287,2,fam_r,0.06521739130434782,2.7300291078209855,220.0,2.6964124970220005
288,288,0,fam_r,0.06730434782608695,2.6985304407616146,220.0,2.6964124970220005
289,289,1,fam_r,0.06730434782608695,2.6985304407616146,220.0,2.6964124970220005
290,290,2,fam_r,0.06730434782608695,2.6985304407616146,220.0,2.6964124970220005
291,291,0,fam_r,0.06743791304347825,2.696547911148757,220.0,2.6964124970220005
292,292,1,fam_r,0.06743791304347825,2.696547911148757,220.0,2.6964124970220005
293,293,2,fam_r,0.06743791304347825,2.696547911148757,220.0,2.6964124970220005
294,294,0,fam_r,0.0674464612173913,2.6964211629769053,220.0,2.6964124970220005
295,295,1,fam_r,0.0674464612173913,2.6964211629769053,220.0,2.6964124970220005
296,296,2,fam_r,0.0674464612173913,2.6964211629769053,220.0,2.6964124970220005
297,297,0,fam_r,0.06744700830052174,2.696413051640865,220.0,2.6964124970220005
298,298,1,fam_r,0.06744700830052174,2.696413051640865,220.0,2.6964124970220005
299,299,2,fam_r,0.06744700830052174,2.696413051640865,220.0,2.6964124970220005
0,0,0,fam,0.06666666666666667,2.70805020110221,293.33333333333337,2.6964124970220005
1,1,1,fam,0.06578947368421052,2.7212954278522306,293.33333333333337,2.6964124970220005
2,2,2,fam,0.06544502617801047,2.7265447837383743,293.33333333333337,2.6964124970220005
3,3,0,fam,0.06739811912225706,2.6971381676512274,293.33333333333337,2.6964124970220005
4,4,1,fam,0.0673418250156609,2.697973764106782,293.33333333333337,2.6964124970220005
5,5,2,fam,0.067319333695153,2.698307807284969,293.33333333333337,2.6964124970220005
6,6,0,fam,0.06744391848456767,2.69645886370589,293.33333333333337,2.6964124970220005
7,7,1,fam,0.06744031509157056,2.6965122931231384,293.33333333333337,2.6964124970220005
8,8,2,fam,0.06743887384218177,2.6965336640907465,293.33333333333337,2.6964124970220005
9,9,0,fam,0.06744684558230193,2.6964154641780578,293.33333333333337,2.6964124970220005
10,10,1,fam,0.06744661496282986,2.6964188834612632,293.33333333333337,2.6964124970220005
11,11,2,fam,0.06744652271548261,2.696420251171272,293.33333333333337,2.6964124970220005
12,12,0,fam,0.06744703289994435,2.6964126869187113,293.33333333333337,2.6964124970220005
13,13,1,fam,0.06744701814028863,2.6964129057520196,293.33333333333337,2.6964124970220005
14,14,2,fam,0.06744701223642816,2.696412993285329,293.33333333333337,2.6964124970220005
15,15,0,fam,0.06744704488820541,2.6964125091753846,293.33333333333337,2.6964124970220005
16,16,1,fam,0.0674470439435874,2.696412523180713,293.33333333333337,2.6964124970220005
17,17,2,fam,0.0674470435657402,2.6964125287828447,293.33333333333337,2.6964124970220005
18,18,0,fam,0.06744704565545385,2.696412497799817,293.33333333333337,2.6964124970220005
19,19,1,fam,0.0674470455949983,2.6964124986961577,293.33333333333337,2.6964124970220005
20,20,2,fam,0.06744704557081607,2.6964124990546945,293.33333333333337,2.6964124970220005
21,21,0,fam,0.06744704570455774,2.6964124970717807,293.33333333333337,2.6964124970220005
22,22,1,fam,0.06744704570068859,2.6964124971291463,293.33333333333337,2.6964124970220005
23,23,2,fam,0.06744704569914092,2.696412497152093,293.33333333333337,2.6964124970220005
24,24,0,fam,0.0674470457077004,2.6964124970251864,293.33333333333337,2.6964124970220005
25,25,1,fam,0.06744704570745277,2.6964124970288577,293.33333333333337,2.6964124970220005
26,26,2,fam,0.06744704570735371,2.6964124970303263,293.33333333333337,2.6964124970220005
27,27,0,fam,0.06744704570790153,2.6964124970222043,293.33333333333337,2.6964124970220005
28,28,1,fam,0.06744704570788568,2.6964124970224392,293.33333333333337,2.6964124970220005
29,29,2,fam,0.06744704570787934,2.6964124970225334,293.33333333333337,2.6964124970220005
30,30,0,fam,0.0674470457079144,2.6964124970220134,293.33333333333337,2.6964124970220005
31,31,1,fam,0.06744704570791338,2.6964124970220285,293.33333333333337,2.6964124970220005
32,32,2,fam,0.06744704570791298,2.6964124970220342,293.33333333333337,2.6964124970220005
33,33,0,fam,0.06744704570791521,2.6964124970220014,293.33333333333337,2.6964124970220005
34,34,1,fam,0.06744704570791515,2.6964124970220023,293.33333333333337,2.6964124970220005
35,35,2,fam,0.06744704570791513,2.6964124970220027,293.33333333333337,2.6964124970220005
36,36,0,fam,0.06744704570791528,2.696412497022,293.33333333333337,2.6964124970220005
37,37,1,fam,0.06744704570791528,2.696412497022,293.33333333333337,2.6964124970220005
38,38,2,fam,0.06744704570791527,2.6964124970220005,293.33333333333337,2.6964124970220005
39,39,0,fam,0.06744704570791528,2.696412497022,293.33333333333337,2.6964124970220005
40,40,1,fam,0.06744704570791528,2.696412497022,293.33333333333337,2.6964124970220005
41,41,2,fam,0.06744704570791528,2.696412497022,293.33333333333337,2.6964124970220005
42,42,0,fam,0.06744704570791528,2.696412497022,293.33333333333337,2.6964124970220005
43,43,1,fam,0.06744704570791528,2.696412497022,293.33333333333337,2.6964124970220005
44,44,2,fam,0.06744704570791528,2.696412497022,293.33333333333337,2.6964124970220005
45,45,0,fam,0.06744704570791528,2.696412497022,293.33333333333337,2.6964124970220005
46,46,1,fam,0.06744704570791528,2.696412497022,293.33333333333337,2.6964124970220005
47,47,2,fam,0.06744704570791528,2.696412497022,293.33333333333337,2.6964124970220005
48,48,0,fam,0.06744704570791528,2.696412497022,293.33333333333337,2.6964124970220005
49,49,1,fam,0.06744704570791528,2.696412497022,293.33333333333337,2.6964124970220005
50,50,2,fam,0.06744704570791528,2.696412497022,293.33333333333337,2.6964124970220005
51,51,0,fam,0.06744704570791528,2.696412497022,293.33333333333337,2.6964124970220005
52,52,1,fam,0.06744704570791528,2.696412497022,293.33333333333337,2.6964124970220005
53,53,2,fam,0.06744704570791528,2.696412497022,293.33333333333337,2.6964124970220005
54,54,0,fam,0.06744704570791528,2.696412497022,293.33333333333337,2.6964124970220005
55,55,1,fam,0.06744704570791528,2.696412497022,293.33333333333337,2.6964124970220005
56,56,2,fam,0.06744704570791528,2.696412497022,293.33333333333337,2.6964124970220005
57,57,0,fam,0.06744704570791528,2.696412497022,293.33333333333337,2.6964124970220005
58,58,1,fam,0.06744704570791528,2.696412497022,293.33333333333337,2.6964124970220005
59,59,2,fam,0.06744704570791528,2.696412497022,293.33333333333337,2.6964124970220005
60,60,0,fam,0.06744704570791528,2.696412497022,293.33333333333337,2.6964124970220005
61,61,1,fam,0.06744704570791528,2.696412497022,293.33333333333337,2.6964124970220005
62,62,2,fam,0.06744704570791528,2.696412497022,293.33333333333337,2.6964124970220005
63,63,0,fam,0.06744704570791528,2.696412497022,293.33333333333337,2.6964124970220005
64,64,1,fam,0.06744704570791528,2.696412497022,293.33333333333337,2.6964124970220005
65,65,2,fam,0.06744704570791528,2.696412497022,293.33333333333337,2.6964124970220005
66,66,3,recov,0.06521739130434782,2.7300291078209855,293.33333333333337,2.6964124970220005
67,67,4,recov,0.06521739130434782,2.7300291078209855,293.33333333333337,2.6964124970220005
68,68,5,recov,0.06521739130434782,2.7300291078209855,293.33333333333337,2.6964124970220005
69,69,3,recov,0.06730434782608695,2.6985304407616146,293.33333333333337,2.6964124970220005
70,70,4,recov,0.06730434782608695,2.6985304407616146,293.33333333333337,2.6964124970220005
71,71,5,recov,0.06730434782608695,2.6985304407616146,293.33333333333337,2.6964124970220005
72,72,3,recov,0.06743791304347825,2.696547911148757,293.33333333333337,2.6964124970220005
73,73,4,recov,0.06743791304347825,2.696547911148757,293.33333333333337,2.6964124970220005
74,74,5,recov,0.06743791304347825,2.696547911148757,293.33333333333337,2.6964124970220005
75,75,3,recov,0.0674464612173913,2.6964211629769053,293.33333333333337,2.6964124970220005
76,76,4,recov,0.0674464612173913,2.6964211629769053,293.33333333333337,2.6964124970220005
77,77,5,recov,0.0674464612173913,2.6964211629769053,293.33333333333337,2.6964124970220005
78,78,3,recov,0.06744700830052174,2.696413051640865,293.33333333333337,2.6964124970220005
79,79,4,recov,0.06744700830052174,2.696413051640865,293.33333333333337,2.6964124970220005
80,80,5,recov,0.06744700830052174,2.696413051640865,293.33333333333337,2.6964124970220005
81,81,3,recov,0.06744704331384208,2.6964125325175985,293.33333333333337,2.6964124970220005
82,82,4,recov,0.06744704331384208,2.6964125325175985,293.33333333333337,2.6964124970220005
83,83,5,recov,0.06744704331384208,2.6964125325175985,293.33333333333337,2.6964124970220005
84,84,3,recov,0.06744704555469459,2.6964124992937184,293.33333333333337,2.6964124970220005
85,85,4,recov,0.06744704555469459,2.6964124992937184,293.33333333333337,2.6964124970220005
86,86,5,recov,0.06744704555469459,2.6964124992937184,293.33333333333337,2.6964124970220005
87,87,3,recov,0.06744704569810915,2.6964124971673904,293.33333333333337,2.6964124970220005
88,88,4,recov,0.06744704569810915,2.6964124971673904,293.33333333333337,2.6964124970220005
89,89,5,recov,0.06744704569810915,2.6964124971673904,293.33333333333337,2.6964124970220005
90,90,3,recov,0.06744704570728768,2.6964124970313055,293.33333333333337,2.6964124970220005
91,91,4,recov,0.06744704570728768,2.6964124970313055,293.33333333333337,2.6964124970220005
92,92,5,recov,0.06744704570728768,2.6964124970313055,293.33333333333337,2.6964124970220005
93,93,3,recov,0.0674470457078751,2.696412497022596,293.33333333333337,2.6964124970220005
94,94,4,recov,0.0674470457078751,2.696412497022596,293.33333333333337,2.6964124970220005
95,95,5,recov,0.0674470457078751,2.696412497022596,293.33333333333337,2.6964124970220005
96,96,3,recov,0.0674470457079127,2.6964124970220387,293.33333333333337,2.6964124970220005
97,97,4,recov,0.0674470457079127,2.6964124970220387,293.33333333333337,2.6964124970220005
98,98,5,recov,0.0674470457079127,2.6964124970220387,293.33333333333337,2.6964124970220005
99,99,3,recov,0.0674470457079151,2.696412497022003,293.33333333333337,2.6964124970220005
100,100,4,recov,0.0674470457079151,2.696412497022003,293.33333333333337,2.6964124970220005
101,101,5,recov,0.0674470457079151,2.696412497022003,293.33333333333337,2.6964124970220005
102,102,3,recov,0.06744704570791527,2.6964124970220005,293.33333333333337,2.6964124970220005
103,103,4,recov,0.06744704570791527,2.6964124970220005,293.33333333333337,2.6964124970220005
104,104,5,recov,0.06744704570791527,2.6964124970220005,293.33333333333337,2.6964124970220005
105,105,3,recov,0.06744704570791528,2.696412497022,293.33333333333337,2.6964124970220005
106,106,4,recov,0.06744704570791528,2.696412497022,293.33333333333337,2.6964124970220005
107,107,5,recov,0.06744704570791528,2.696412497022,293.33333333333337,2.6964124970220005
108,108,3,recov,0.06744704570791528,2.696412497022,293.33333333333337,2.6964124970220005
109,109,4,recov,0.06744704570791528,2.696412497022,293.33333333333337,2.6964124970220005
110,110,5,recov,0.06744704570791528,2.696412497022,293.33333333333337,2.6964124970220005
111,111,3,recov,0.06744704570791528,2.696412497022,293.33333333333337,2.6964124970220005
112,112,4,recov,0.06744704570791528,2.696412497022,293.33333333333337,2.6964124970220005
113,113,5,recov,0.06744704570791528,2.696412497022,293.33333333333337,2.6964124970220005
114,114,3,recov,0.06744704570791528,2.696412497022,293.33333333333337,2.6964124970220005
115,115,4,recov,0.06744704570791528,2.696412497022,293.33333333333337,2.6964124970220005
116,116,5,recov,0.06744704570791528,2.696412497022,293.33333333333337,2.6964124970220005
117,117,3,recov,0.06744704570791528,2.696412497022,293.33333333333337,2.6964124970220005
118,118,4,recov,0.06744704570791528,2.696412497022,293.33333333333337,2.6964124970220005
119,119,5,recov,0.06744704570791528,2.696412497022,293.33333333333337,2.6964124970220005
120,120,3,recov,0.06744704570791528,2.696412497022,293.33333333333337,2.6964124970220005
121,121,4,recov,0.06744704570791528,2.696412497022,293.33333333333337,2.6964124970220005
122,122,5,recov,0.06744704570791528,2.696412497022,293.33333333333337,2.6964124970220005
123,123,3,recov,0.06744704570791528,2.696412497022,293.33333333333337,2.6964124970220005
124,124,4,recov,0.06744704570791528,2.696412497022,293.33333333333337,2.6964124970220005
125,125,5,recov,0.06744704570791528,2.696412497022,293.33333333333337,2.6964124970220005
126,126,3,recov,0.06744704570791528,2.696412497022,293.33333333333337,2.6964124970220005
127,127,4,recov,0.06744704570791528,2.696412497022,293.33333333333337,2.6964124970220005
128,128,5,recov,0.06744704570791528,2.696412497022,293.33333333333337,2.6964124970220005
129,129,3,recov,0.06744704570791528,2.696412497022,293.33333333333337,2.6964124970220005
130,130,4,recov,0.06744704570791528,2.696412497022,293.33333333333337,2.6964124970220005
131,131,5,recov,0.06744704570791528,2.696412497022,293.33333333333337,2.6964124970220005
132,132,3,recov,0.06744704570791528,2.696412497022,293.33333333333337,2.6964124970220005
133,133,4,recov,0.06744704570791528,2.696412497022,293.33333333333337,2.6964124970220005
134,134,5,recov,0.06744704570791528,2.696412497022,293.33333333333337,2.6964124970220005
135,135,3,recov,0.06744704570791528,2.696412497022,293.33333333333337,2.6964124970220005
136,136,4,recov,0.06744704570791528,2.696412497022,293.33333333333337,2.6964124970220005
137,137,5,recov,0.06744704570791528,2.696412497022,293.33333333333337,2.6964124970220005
138,138,3,recov,0.06744704570791528,2.696412497022,293.33333333333337,2.6964124970220005
139,139,4,recov,0.06744704570791528,2.696412497022,293.33333333333337,2.6964124970220005
140,140,5,recov,0.06744704570791528,2.696412497022,293.33333333333337,2.6964124970220005
141,141,3,recov,0.06744704570791528,2.696412497022,293.33333333333337,2.6964124970220005
142,142,4,recov,0.06744704570791528,2.696412497022,293.33333333333337,2.6964124970220005
143,143,5,recov,0.06744704570791528,2.696412497022,293.33333333333337,2.6964124970220005
144,144,3,recov,0.06744704570791528,2.696412497022,293.33333333333337,2.6964124970220005
145,145,4,recov,0.06744704570791528,2.696412497022,293.33333333333337,2.6964124970220005
146,146,5,recov,0.06744704570791528,2.696412497022,293.33333333333337,2.6964124970220005
147,147,3,recov,0.06744704570791528,2.696412497022,293.33333333333337,2.6964124970220005
148,148,4,recov,0.06744704570791528,2.696412497022,293.33333333333337,2.6964124970220005
149,149,5,recov,0.06744704570791528,2.696412497022,293.33333333333337,2.6964124970220005
150,150,3,recov,0.06744704570791528,2.696412497022,293.33333333333337,2.6964124970220005
151,151,4,recov,0.06744704570791528,2.696412497022,293.33333333333337,2.6964124970220005
152,152,5,recov,0.06744704570791528,2.696412497022,293.33333333333337,2.6964124970220005
153,153,3,recov,0.06744704570791528,2.696412497022,293.33333333333337,2.6964124970220005
154,154,4,recov,0.06744704570791528,2.696412497022,293.33333333333337,2.6964124970220005
155,155,5,recov,0.06744704570791528,2.696412497022,293.33333333333337,2.6964124970220005
156,156,3,recov,0.06744704570791528,2.696412497022,293.33333333333337,2.6964124970220005
157,157,4,recov,0.06744704570791528,2.696412497022,293.33333333333337,2.6964124970220005
158,158,5,recov,0.06744704570791528,2.696412497022,293.33333333333337,2.6964124970220005
159,159,3,recov,0.06744704570791528,2.696412497022,293.33333333333337,2.6964124970220005
160,160,4,recov,0.06744704570791528,2.696412497022,293.33333333333337,2.6964124970220005
161,161,5,recov,0.06744704570791528,2.696412497022,293.33333333333337,2.6964124970220005
162,162,3,recov,0.06744704570791528,2.696412497022,293.33333333333337,2.6964124970220005
163,163,4,recov,0.06744704570791528,2.696412497022,293.33333333333337,2.6964124970220005
164,164,5,recov,0.06744704570791528,2.696412497022,293.33333333333337,2.6964124970220005
165,165,3,recov,0.06744704570791528,2.696412497022,293.33333333333337,2.6964124970220005
166,166,4,recov,0.06744704570791528,2.696412497022,293.33333333333337,2.6964124970220005
167,167,5,recov,0.06744704570791528,2.696412497022,293.33333333333337,2.6964124970220005
168,168,3,recov,0.06744704570791528,2.696412497022,293.33333333333337,2.6964124970220005
169,169,4,recov,0.06744704570791528,2.696412497022,293.33333333333337,2.6964124970220005
170,170,5,recov,0.06744704570791528,2.696412497022,293.33333333333337,2.6964124970220005
171,171,3,recov,0.06744704570791528,2.696412497022,293.33333333333337,2.6964124970220005
172,172,4,recov,0.06744704570791528,2.696412497022,293.33333333333337,2.6964124970220005
173,173,5,recov,0.06744704570791528,2.696412497022,293.33333333333337,2.6964124970220005
174,174,3,recov,0.06744704570791528,2.696412497022,293.33333333333337,2.6964124970220005
175,175,4,recov,0.06744704570791528,2.696412497022,293.33333333333337,2.6964124970220005
176,176,5,recov,0.06744704570791528,2.696412497022,293.33333333333337,2.6964124970220005
177,177,3,recov,0.06744704570791528,2.696412497022,293.33333333333337,2.6964124970220005
178,178,4,recov,0.06744704570791528,2.696412497022,293.33333333333337,2.6964124970220005
179,179,5,recov,0.06744704570791528,2.696412497022,293.33333333333337,2.6964124970220005
180,180,3,recov,0.06744704570791528,2.696412497022,293.33333333333337,2.6964124970220005
181,181,4,recov,0.06744704570791528,2.696412497022,293.33333333333337,2.6964124970220005
182,182,5,recov,0.06744704570791528,2.696412497022,293.33333333333337,2.6964124970220005
183,183,3,recov,0.06744704570791528,2.696412497022,293.33333333333337,2.6964124970220005
184,184,4,recov,0.06744704570791528,2.696412497022,293.33333333333337,2.6964124970220005
185,185,5,recov,0.06744704570791528,2.696412497022,293.33333333333337,2.6964124970220005
186,186,3,recov,0.06744704570791528,2.696412497022,293.33333333333337,2.6964124970220005
187,187,4,recov,0.06744704570791528,2.696412497022,293.33333333333337,2.6964124970220005
188,188,5,recov,0.06744704570791528,2.696412497022,293.33333333333337,2.6964124970220005
189,189,3,recov,0.06744704570791528,2.696412497022,293.33333333333337,2.6964124970220005
190,190,4,recov,0.06744704570791528,2.696412497022,293.33333333333337,2.6964124970220005
191,191,5,recov,0.06744704570791528,2.696412497022,293.33333333333337,2.6964124970220005
192,192,3,recov,0.06744704570791528,2.696412497022,293.33333333333337,2.6964124970220005
193,193,4,recov,0.06744704570791528,2.696412497022,293.33333333333337,2.6964124970220005
194,194,5,recov,0.06744704570791528,2.696412497022,293.33333333333337,2.6964124970220005
195,195,3,recov,0.06744704570791528,2.696412497022,293.33333333333337,2.6964124970220005
196,196,4,recov,0.06744704570791528,2.696412497022,293.33333333333337,2.6964124970220005
197,197,5,recov,0.06744704570791528,2.696412497022,293.33333333333337,2.6964124970220005
198,198,3,recov,0.06744704570791528,2.696412497022,293.33333333333337,2.6964124970220005
199,199,4,recov,0.06744704570791528,2.696412497022,293.33333333333337,2.6964124970220005
200,200,5,recov,0.06744704570791528,2.696412497022,293.33333333333337,2.6964124970220005
201,201,3,recov,0.06744704570791528,2.696412497022,293.33333333333337,2.6964124970220005
202,202,4,recov,0.06744704570791528,2.696412497022,293.33333333333337,2.6964124970220005
203,203,5,recov,0.06744704570791528,2.696412497022,293.33333333333337,2.6964124970220005
204,204,3,recov,0.06744704570791528,2.696412497022,293.33333333333337,2.6964124970220005
205,205,4,recov,0.06744704570791528,2.696412497022,293.33333333333337,2.6964124970220005
206,206,5,recov,0.06744704570791528,2.696412497022,293.33333333333337,2.6964124970220005
207,207,3,recov,0.06744704570791528,2.696412497022,293.33333333333337,2.6964124970220005
208,208,4,recov,0.06744704570791528,2.696412497022,293.33333333333337,2.6964124970220005
209,209,5,recov,0.06744704570791528,2.696412497022,293.33333333333337,2.6964124970220005
210,210,3,recov,0.06744704570791528,2.696412497022,293.33333333333337,2.6964124970220005
211,211,4,recov,0.06744704570791528,2.696412497022,293.33333333333337,2.6964124970220005
212,212,5,recov,0.06744704570791528,2.696412497022,293.33333333333337,2.6964124970220005
213,213,3,recov,0.06744704570791528,2.696412497022,293.33333333333337,2.6964124970220005
214,214,4,recov,0.06744704570791528,2.696412497022,293.33333333333337,2.6964124970220005
215,215,5,recov,0.06744704570791528,2.696412497022,293.33333333333337,2.6964124970220005
216,216,3,recov,0.06744704570791528,2.696412497022,293.33333333333337,2.6964124970220005
217,217,4,recov,0.06744704570791528,2.696412497022,293.33333333333337,2.6964124970220005
218,218,5,recov,0.06744704570791528,2.696412497022,293.33333333333337,2.6964124970220005
219,219,3,recov,0.06744704570791528,2.696412497022,293.33333333333337,2.6964124970220005
220,220,4,recov,0.06744704570791528,2.696412497022,293.33333333333337,2.6964124970220005
221,221,5,recov,0.06744704570791528,2.696412497022,293.33333333333337,2.6964124970220005
222,222,3,recov,0.06744704570791528,2.696412497022,293.33333333333337,2.6964124970220005
223,223,4,recov,0.06744704570791528,2.696412497022,293.33333333333337,2.6964124970220005
224,224,5,recov,0.06744704570791528,2.696412497022,293.33333333333337,2.6964124970220005
225,225,3,recov,0.06744704570791528,2.696412497022,293.33333333333337,2.6964124970220005
226,226,4,recov,0.06744704570791528,2.696412497022,293.33333333333337,2.6964124970220005
227,227,5,recov,0.06744704570791528,2.696412497022,293.33333333333337,2.6964124970220005
228,228,3,recov,0.06744704570791528,2.696412497022,293.33333333333337,2.6964124970220005
229,229,4,recov,0.06744704570791528,2.696412497022,293.33333333333337,2.6964124970220005
230,230,5,recov,0.06744704570791528,2.696412497022,293.33333333333337,2.6964124970220005
231,231,3,recov,0.06744704570791528,2.696412497022,293.33333333333337,2.6964124970220005
232,232,4,recov,0.06744704570791528,2.696412497022,293.33333333333337,2.6964124970220005
233,233,5,recov,0.06744704570791528,2.696412497022,293.33333333333337,2.6964124970220005
234,234,3,recov,0.06744704570791528,2.696412497022,293.33333333333337,2.6964124970220005
235,235,4,recov,0.06744704570791528,2.696412497022,293.33333333333337,2.6964124970220005
236,236,5,recov,0.06744704570791528,2.696412497022,293.33333333333337,2.6964124970220005
237,237,3,recov,0.06744704570791528,2.696412497022,293.33333333333337,2.6964124970220005
238,238,4,recov,0.06744704570791528,2.696412497022,293.33333333333337,2.6964124970220005
239,239,5,recov,0.06744704570791528,2.696412497022,293.33333333333337,2.6964124970220005
240,240,3,recov,0.06744704570791528,2.696412497022,293.33333333333337,2.6964124970220005
241,241,4,recov,0.06744704570791528,2.696412497022,293.33333333333337,2.6964124970220005
242,242,5,recov,0.06744704570791528,2.696412497022,293.33333333333337,2.6964124970220005
243,243,3,recov,0.06744704570791528,2.696412497022,293.33333333333337,2.6964124970220005
244,244,4,recov,0.06744704570791528,2.696412497022,293.33333333333337,2.6964124970220005
245,245,5,recov,0.06744704570791528,2.696412497022,293.33333333333337,2.6964124970220005
246,246,3,recov,0.06744704570791528,2.696412497022,293.33333333333337,2.6964124970220005
247,247,4,recov,0.06744704570791528,2.696412497022,293.33333333333337,2.6964124970220005
248,248,5,recov,0.06744704570791528,2.696412497022,293.33333333333337,2.6964124970220005
249,249,3,recov,0.06744704570791528,2.696412497022,293.33333333333337,2.6964124970220005
250,250,4,recov,0.06744704570791528,2.696412497022,293.33333333333337,2.6964124970220005
251,251,5,recov,0.06744704570791528,2.696412497022,293.33333333333337,2.6964124970220005
252,252,3,recov,0.06744704570791528,2.696412497022,293.33333333333337,2.6964124970220005
253,253,4,recov,0.06744704570791528,2.696412497022,293.33333333333337,2.6964124970220005
254,254,5,recov,0.06744704570791528,2.696412497022,293.33333333333337,2.6964124970220005
255,255,3,recov,0.06744704570791528,2.696412497022,293.33333333333337,2.6964124970220005
256,256,4,recov,0.06744704570791528,2.696412497022,293.33333333333337,2.6964124970220005
257,257,5,recov,0.06744704570791528,2.696412497022,293.33333333333337,2.6964124970220005
258,258,3,recov,0.06744704570791528,2.696412497022,293.33333333333337,2.6964124970220005
259,259,4,recov,0.06744704570791528,2.696412497022,293.33333333333337,2.6964124970220005
260,260,5,recov,0.06744704570791528,2.696412497022,293.33333333333337,2.6964124970220005
261,261,3,recov,0.06744704570791528,2.696412497022,293.33333333333337,2.6964124970220005
262,262,4,recov,0.06744704570791528,2.696412497022,293.33333333333337,2.6964124970220005
263,263,5,recov,0.06744704570791528,2.696412497022,293.33333333333337,2.6964124970220005
264,264,3,recov,0.06744704570791528,2.696412497022,293.33333333333337,2.6964124970220005
265,265,4,recov,0.06744704570791528,2.696412497022,293.33333333333337,2.6964124970220005
266,266,5,recov,0.06744704570791528,2.696412497022,293.33333333333337,2.6964124970220005
267,267,3,recov,0.06744704570791528,2.696412497022,293.33333333333337,2.6964124970220005
268,268,4,recov,0.06744704570791528,2.696412497022,293.33333333333337,2.6964124970220005
269,269,5,recov,0.06744704570791528,2.696412497022,293.33333333333337,2.6964124970220005
270,270,3,recov,0.06744704570791528,2.696412497022,293.33333333333337,2.6964124970220005
271,271,4,recov,0.06744704570791528,2.696412497022,293.33333333333337,2.6964124970220005
272,272,5,recov,0.06744704570791528,2.696412497022,293.33333333333337,2.6964124970220005
273,273,3,recov,0.06744704570791528,2.696412497022,293.33333333333337,2.6964124970220005
274,274,4,recov,0.06744704570791528,2.696412497022,293.33333333333337,2.6964124970220005
275,275,5,recov,0.06744704570791528,2.696412497022,293.33333333333337,2.6964124970220005
276,276,3,recov,0.06744704570791528,2.696412497022,293.33333333333337,2.6964124970220005
277,277,4,recov,0.06744704570791528,2.696412497022,293.33333333333337,2.6964124970220005
278,278,5,recov,0.06744704570791528,2.696412497022,293.33333333333337,2.6964124970220005
279,279,3,recov,0.06744704570791528,2.696412497022,293.33333333333337,2.6964124970220005
280,280,4,recov,0.06744704570791528,2.696412497022,293.33333333333337,2.6964124970220005
281,281,5,recov,0.06744704570791528,2.696412497022,293.33333333333337,2.6964124970220005
282,282,3,recov,0.06744704570791528,2.696412497022,293.33333333333337,2.6964124970220005
283,283,4,recov,0.06744704570791528,2.696412497022,293.33333333333337,2.6964124970220005
284,284,5,recov,0.06744704570791528,2.696412497022,293.33333333333337,2.6964124970220005
285,285,3,recov,0.06744704570791528,2.696412497022,293.33333333333337,2.6964124970220005
286,286,4,recov,0.06744704570791528,2.696412497022,293.33333333333337,2.6964124970220005
287,287,5,recov,0.06744704570791528,2.696412497022,293.33333333333337,2.6964124970220005
288,288,3,recov,0.06744704570791528,2.696412497022,293.33333333333337,2.6964124970220005
289,289,4,recov,0.06744704570791528,2.696412497022,293.33333333333337,2.6964124970220005
290,290,5,recov,0.06744704570791528,2.696412497022,293.33333333333337,2.6964124970220005
291,291,3,recov,0.06744704570791528,2.696412497022,293.33333333333337,2.6964124970220005
292,292,4,recov,0.06744704570791528,2.696412497022,293.33333333333337,2.6964124970220005
293,293,5,recov,0.06744704570791528,2.696412497022,293.33333333333337,2.6964124970220005
294,294,3,recov,0.06744704570791528,2.696412497022,293.33333333333337,2.6964124970220005
295,295,4,recov,0.06744704570791528,2.696412497022,293.33333333333337,2.6964124970220005
296,296,5,recov,0.06744704570791528,2.696412497022,293.33333333333337,2.6964124970220005
297,297,3,recov,0.06744704570791528,2.696412497022,293.33333333333337,2.6964124970220005
298,298,4,recov,0.06744704570791528,2.696412497022,293.33333333333337,2.6964124970220005
299,299,5,recov,0.06744704570791528,2.696412497022,293.33333333333337,2.6964124970220005
300,300,3,recov,0.06744704570791528,2.696412497022,293.33333333333337,2.6964124970220005
301,301,4,recov,0.06744704570791528,2.696412497022,293.33333333333337,2.6964124970220005
302,302,5,recov,0.06744704570791528,2.696412497022,293.33333333333337,2.6964124970220005
303,303,3,recov,0.06744704570791528,2.696412497022,293.33333333333337,2.6964124970220005
304,304,4,recov,0.06744704570791528,2.696412497022,293.33333333333337,2.6964124970220005
305,305,5,recov,0.06744704570791528,2.696412497022,293.33333333333337,2.6964124970220005
306,306,3,recov,0.06744704570791528,2.696412497022,293.33333333333337,2.6964124970220005
307,307,4,recov,0.06744704570791528,2.696412497022,293.33333333333337,2.6964124970220005
308,308,5,recov,0.06744704570791528,2.696412497022,293.33333333333337,2.6964124970220005
309,309,3,recov,0.06744704570791528,2.696412497022,293.33333333333337,2.6964124970220005
310,310,4,recov,0.06744704570791528,2.696412497022,293.33333333333337,2.6964124970220005
311,311,5,recov,0.06744704570791528,2.696412497022,293.33333333333337,2.6964124970220005
312,312,3,recov,0.06744704570791528,2.696412497022,293.33333333333337,2.6964124970220005
313,313,4,recov,0.06744704570791528,2.696412497022,293.33333333333337,2.6964124970220005
314,314,5,recov,0.06744704570791528,2.696412497022,293.33333333333337,2.6964124970220005
315,315,3,recov,0.06744704570791528,2.696412497022,293.33333333333337,2.6964124970220005
316,316,4,recov,0.06744704570791528,2.696412497022,293.33333333333337,2.6964124970220005
317,317,5,recov,0.06744704570791528,2.696412497022,293.33333333333337,2.6964124970220005
318,318,3,recov,0.06744704570791528,2.696412497022,293.33333333333337,2.6964124970220005
319,319,4,recov,0.06744704570791528,2.696412497022,293.33333333333337,2.6964124970220005
320,320,5,recov,0.06744704570791528,2.696412497022,293.33333333333337,2.6964124970220005
321,321,3,recov,0.06744704570791528,2.696412497022,293.33333333333337,2.6964124970220005
322,322,4,recov,0.06744704570791528,2.696412497022,293.33333333333337,2.6964124970220005
323,323,5,recov,0.06744704570791528,2.696412497022,293.33333333333337,2.6964124970220005
324,324,3,recov,0.06744704570791528,2.696412497022,293.33333333333337,2.6964124970220005
325,325,4,recov,0.06744704570791528,2.696412497022,293.33333333333337,2.6964124970220005
326,326,5,recov,0.06744704570791528,2.696412497022,293.33333333333337,2.6964124970220005
327,327,3,recov,0.06744704570791528,2.696412497022,293.33333333333337,2.6964124970220005
328,328,4,recov,0.06744704570791528,2.696412497022,293.33333333333337,2.6964124970220005
329,329,5,recov,0.06744704570791528,2.696412497022,293.33333333333337,2.6964124970220005
330,330,3,recov,0.06744704570791528,2.696412497022,293.33333333333337,2.6964124970220005
331,331,4,recov,0.06744704570791528,2.696412497022,293.33333333333337,2.6964124970220005
332,332,5,recov,0.06744704570791528,2.696412497022,293.33333333333337,2.6964124970220005
333,333,3,recov,0.06744704570791528,2.696412497022,293.33333333333337,2.6964124970220005
334,334,4,recov,0.06744704570791528,2.696412497022,293.33333333333337,2.6964124970220005
335,335,5,recov,0.06744704570791528,2.696412497022,293.33333333333337,2.6964124970220005
336,336,3,recov,0.06744704570791528,2.696412497022,293.33333333333337,2.6964124970220005
337,337,4,recov,0.06744704570791528,2.696412497022,293.33333333333337,2.6964124970220005
338,338,5,recov,0.06744704570791528,2.696412497022,293.33333333333337,2.6964124970220005
339,339,3,recov,0.06744704570791528,2.696412497022,293.33333333333337,2.6964124970220005
340,340,4,recov,0.06744704570791528,2.696412497022,293.33333333333337,2.6964124970220005
341,341,5,recov,0.06744704570791528,2.696412497022,293.33333333333337,2.6964124970220005
342,342,3,recov,0.06744704570791528,2.696412497022,293.33333333333337,2.6964124970220005
343,343,4,recov,0.06744704570791528,2.696412497022,293.33333333333337,2.6964124970220005
344,344,5,recov,0.06744704570791528,2.696412497022,293.33333333333337,2.6964124970220005
345,345,3,recov,0.06744704570791528,2.696412497022,293.33333333333337,2.6964124970220005
346,346,4,recov,0.06744704570791528,2.696412497022,293.33333333333337,2.6964124970220005
347,347,5,recov,0.06744704570791528,2.696412497022,293.33333333333337,2.6964124970220005
348,348,3,recov,0.06744704570791528,2.696412497022,293.33333333333337,2.6964124970220005
349,349,4,recov,0.06744704570791528,2.696412497022,293.33333333333337,2.6964124970220005
350,350,5,recov,0.06744704570791528,2.696412497022,293.33333333333337,2.6964124970220005
351,351,3,recov,0.06744704570791528,2.696412497022,293.33333333333337,2.6964124970220005
352,352,4,recov,0.06744704570791528,2.696412497022,293.33333333333337,2.6964124970220005
353,353,5,recov,0.06744704570791528,2.696412497022,293.33333333333337,2.6964124970220005
354,354,3,recov,0.06744704570791528,2.696412497022,293.33333333333337,2.6964124970220005
355,355,4,recov,0.06744704570791528,2.696412497022,293.33333333333337,2.6964124970220005
356,356,5,recov,0.06744704570791528,2.696412497022,293.33333333333337,2.6964124970220005
357,357,3,recov,0.06744704570791528,2.696412497022,293.33333333333337,2.6964124970220005
358,358,4,recov,0.06744704570791528,2.696412497022,293.33333333333337,2.6964124970220005
359,359,5,recov,0.06744704570791528,2.696412497022,293.33333333333337,2.6964124970220005
360,360,0,fam_r,0.06521739130434782,2.7300291078209855,293.33333333333337,2.6964124970220005
361,361,1,fam_r,0.06521739130434782,2.7300291078209855,293.33333333333337,2.6964124970220005
362,362,2,fam_r,0.06521739130434782,2.7300291078209855,293.33333333333337,2.6964124970220005
363,363,0,fam_r,0.06730434782608695,2.6985304407616146,293.33333333333337,2.6964124970220005
364,364,1,fam_r,0.06730434782608695,2.6985304407616146,293.33333333333337,2.6964124970220005
365,365,2,fam_r,0.06730434782608695,2.6985304407616146,293.33333333333337,2.6964124970220005
366,366,0,fam_r,0.06743791304347825,2.696547911148757,293.33333333333337,2.6964124970220005
367,367,1,fam_r,0.06743791304347825,2.696547911148757,293.33333333333337,2.6964124970220005
368,368,2,fam_r,0.06743791304347825,2.696547911148757,293.33333333333337,2.6964124970220005
369,369,0,fam_r,0.0674464612173913,2.6964211629769053,293.33333333333337,2.6964124970220005
370,370,1,fam_r,0.0674464612173913,2.6964211629769053,293.33333333333337,2.6964124970220005
371,371,2,fam_r,0.0674464612173913,2.6964211629769053,293.33333333333337,2.6964124970220005
372,372,0,fam_r,0.06744700830052174,2.696413051640865,293.33333333333337,2.6964124970220005
373,373,1,fam_r,0.06744700830052174,2.696413051640865,293.33333333333337,2.6964124970220005
374,374,2,fam_r,0.06744700830052174,2.696413051640865,293.33333333333337,2.6964124970220005
0,0,0,fam,0.06666666666666667,2.70805020110221,366.6666666666667,2.6964124970220005
1,1,1,fam,0.06578947368421052,2.7212954278522306,366.6666666666667,2.6964124970220005
2,2,2,fam,0.06544502617801047,2.7265447837383743,366.6666666666667,2.6964124970220005
3,3,0,fam,0.06739811912225706,2.6971381676512274,366.6666666666667,2.6964124970220005
4,4,1,fam,0.0673418250156609,2.697973764106782,366.6666666666667,2.6964124970220005
5,5,2,fam,0.067319333695153,2.698307807284969,366.6666666666667,2.6964124970220005
6,6,0,fam,0.06744391848456767,2.69645886370589,366.6666666666667,2.6964124970220005
7,7,1,fam,0.06744031509157056,2.6965122931231384,366.6666666666667,2.6964124970220005
8,8,2,fam,0.06743887384218177,2.6965336640907465,366.6666666666667,2.6964124970220005
9,9,0,fam,0.06744684558230193,2.6964154641780578,366.6666666666667,2.6964124970220005
10,10,1,fam,0.06744661496282986,2.6964188834612632,366.6666666666667,2.6964124970220005
11,11,2,fam,0.06744652271548261,2.696420251171272,366.6666666666667,2.6964124970220005
12,12,0,fam,0.06744703289994435,2.6964126869187113,366.6666666666667,2.6964124970220005
13,13,1,fam,0.06744701814028863,2.6964129057520196,366.6666666666667,2.6964124970220005
14,14,2,fam,0.06744701223642816,2.696412993285329,366.6666666666667,2.6964124970220005
15,15,0,fam,0.06744704488820541,2.6964125091753846,366.6666666666667,2.6964124970220005
16,16,1,fam,0.0674470439435874,2.696412523180713,366.6666666666667,2.6964124970220005
17,17,2,fam,0.0674470435657402,2.6964125287828447,366.6666666666667,2.6964124970220005
18,18,0,fam,0.06744704565545385,2.696412497799817,366.6666666666667,2.6964124970220005
19,19,1,fam,0.0674470455949983,2.6964124986961577,366.6666666666667,2.6964124970220005
20,20,2,fam,0.06744704557081607,2.6964124990546945,366.6666666666667,2.6964124970220005
21,21,0,fam,0.06744704570455774,2.6964124970717807,366.6666666666667,2.6964124970220005
22,22,1,fam,0.06744704570068859,2.6964124971291463,366.6666666666667,2.6964124970220005
23,23,2,fam,0.06744704569914092,2.696412497152093,366.6666666666667,2.6964124970220005
24,24,0,fam,0.0674470457077004,2.6964124970251864,366.6666666666667,2.6964124970220005
25,25,1,fam,0.06744704570745277,2.6964124970288577,366.6666666666667,2.6964124970220005
26,26,2,fam,0.06744704570735371,2.6964124970303263,366.6666666666667,2.6964124970220005
27,27,0,fam,0.06744704570790153,2.6964124970222043,366.6666666666667,2.6964124970220005
28,28,1,fam,0.06744704570788568,2.6964124970224392,366.6666666666667,2.6964124970220005
29,29,2,fam,0.06744704570787934,2.6964124970225334,366.6666666666667,2.6964124970220005
30,30,0,fam,0.0674470457079144,2.6964124970220134,366.6666666666667,2.6964124970220005
31,31,1,fam,0.06744704570791338,2.6964124970220285,366.6666666666667,2.6964124970220005
32,32,2,fam,0.06744704570791298,2.6964124970220342,366.6666666666667,2.6964124970220005
33,33,0,fam,0.06744704570791521,2.6964124970220014,366.6666666666667,2.6964124970220005
34,34,1,fam,0.06744704570791515,2.6964124970220023,366.6666666666667,2.6964124970220005
35,35,2,fam,0.06744704570791513,2.6964124970220027,366.6666666666667,2.6964124970220005
36,36,0,fam,0.06744704570791528,2.696412497022,366.6666666666667,2.6964124970220005
37,37,1,fam,0.06744704570791528,2.696412497022,366.6666666666667,2.6964124970220005
38,38,2,fam,0.06744704570791527,2.6964124970220005,366.6666666666667,2.6964124970220005
39,39,0,fam,0.06744704570791528,2.696412497022,366.6666666666667,2.6964124970220005
40,40,1,fam,0.06744704570791528,2.696412497022,366.6666666666667,2.6964124970220005
41,41,2,fam,0.06744704570791528,2.696412497022,366.6666666666667,2.6964124970220005
42,42,0,fam,0.06744704570791528,2.696412497022,366.6666666666667,2.6964124970220005
43,43,1,fam,0.06744704570791528,2.696412497022,366.6666666666667,2.6964124970220005
44,44,2,fam,0.06744704570791528,2.696412497022,366.6666666666667,2.6964124970220005
45,45,0,fam,0.06744704570791528,2.696412497022,366.6666666666667,2.6964124970220005
46,46,1,fam,0.06744704570791528,2.696412497022,366.6666666666667,2.6964124970220005
47,47,2,fam,0.06744704570791528,2.696412497022,366.6666666666667,2.6964124970220005
48,48,0,fam,0.06744704570791528,2.696412497022,366.6666666666667,2.6964124970220005
49,49,1,fam,0.06744704570791528,2.696412497022,366.6666666666667,2.6964124970220005
50,50,2,fam,0.06744704570791528,2.696412497022,366.6666666666667,2.6964124970220005
51,51,0,fam,0.06744704570791528,2.696412497022,366.6666666666667,2.6964124970220005
52,52,1,fam,0.06744704570791528,2.696412497022,366.6666666666667,2.6964124970220005
53,53,2,fam,0.06744704570791528,2.696412497022,366.6666666666667,2.6964124970220005
54,54,0,fam,0.06744704570791528,2.696412497022,366.6666666666667,2.6964124970220005
55,55,1,fam,0.06744704570791528,2.696412497022,366.6666666666667,2.6964124970220005
56,56,2,fam,0.06744704570791528,2.696412497022,366.6666666666667,2.6964124970220005
57,57,0,fam,0.06744704570791528,2.696412497022,366.6666666666667,2.6964124970220005
58,58,1,fam,0.06744704570791528,2.696412497022,366.6666666666667,2.6964124970220005
59,59,2,fam,0.06744704570791528,2.696412497022,366.6666666666667,2.6964124970220005
60,60,0,fam,0.06744704570791528,2.696412497022,366.6666666666667,2.6964124970220005
61,61,1,fam,0.06744704570791528,2.696412497022,366.6666666666667,2.6964124970220005
62,62,2,fam,0.06744704570791528,2.696412497022,366.6666666666667,2.6964124970220005
63,63,0,fam,0.06744704570791528,2.696412497022,366.6666666666667,2.6964124970220005
64,64,1,fam,0.06744704570791528,2.696412497022,366.6666666666667,2.6964124970220005
65,65,2,fam,0.06744704570791528,2.696412497022,366.6666666666667,2.6964124970220005
66,66,3,recov,0.06521739130434782,2.7300291078209855,366.6666666666667,2.6964124970220005
67,67,4,recov,0.06521739130434782,2.7300291078209855,366.6666666666667,2.6964124970220005
68,68,5,recov,0.06521739130434782,2.7300291078209855,366.6666666666667,2.6964124970220005
69,69,3,recov,0.06730434782608695,2.6985304407616146,366.6666666666667,2.6964124970220005
70,70,4,recov,0.06730434782608695,2.6985304407616146,366.6666666666667,2.6964124970220005
71,71,5,recov,0.06730434782608695,2.6985304407616146,366.6666666666667,2.6964124970220005
72,72,3,recov,0.06743791304347825,2.696547911148757,366.6666666666667,2.6964124970220005
73,73,4,recov,0.06743791304347825,2.696547911148757,366.6666666666667,2.6964124970220005
74,74,5,recov,0.06743791304347825,2.696547911148757,366.6666666666667,2.6964124970220005
75,75,3,recov,0.0674464612173913,2.6964211629769053,366.6666666666667,2.6964124970220005
76,76,4,recov,0.0674464612173913,2.6964211629769053,366.6666666666667,2.6964124970220005
77,77,5,recov,0.0674464612173913,2.6964211629769053,366.6666666666667,2.6964124970220005
78,78,3,recov,0.06744700830052174,2.696413051640865,366.6666666666667,2.6964124970220005
79,79,4,recov,0.06744700830052174,2.696413051640865,366.6666666666667,2.6964124970220005
80,80,5,recov,0.06744700830052174,2.696413051640865,366.6666666666667,2.6964124970220005
81,81,3,recov,0.06744704331384208,2.6964125325175985,366.6666666666667,2.6964124970220005
82,82,4,recov,0.06744704331384208,2.6964125325175985,366.6666666666667,2.6964124970220005
83,83,5,recov,0.06744704331384208,2.6964125325175985,366.6666666666667,2.6964124970220005
84,84,3,recov,0.06744704555469459,2.6964124992937184,366.6666666666667,2.6964124970220005
85,85,4,recov,0.06744704555469459,2.6964124992937184,366.6666666666667,2.6964124970220005
86,86,5,recov,0.06744704555469459,2.6964124992937184,366.6666666666667,2.6964124970220005
87,87,3,recov,0.06744704569810915,2.6964124971673904,366.6666666666667,2.6964124970220005
88,88,4,recov,0.06744704569810915,2.6964124971673904,366.6666666666667,2.6964124970220005
89,89,5,recov,0.06744704569810915,2.6964124971673904,366.6666666666667,2.6964124970220005
90,90,3,recov,0.06744704570728768,2.6964124970313055,366.6666666666667,2.6964124970220005
91,91,4,recov,0.06744704570728768,2.6964124970313055,366.6666666666667,2.6964124970220005
92,92,5,recov,0.06744704570728768,2.6964124970313055,366.6666666666667,2.6964124970220005
93,93,3,recov,0.0674470457078751,2.696412497022596,366.6666666666667,2.6964124970220005
94,94,4,recov,0.0674470457078751,2.696412497022596,366.6666666666667,2.6964124970220005
95,95,5,recov,0.0674470457078751,2.696412497022596,366.6666666666667,2.6964124970220005
96,96,3,recov,0.0674470457079127,2.6964124970220387,366.6666666666667,2.6964124970220005
97,97,4,recov,0.0674470457079127,2.6964124970220387,366.6666666666667,2.6964124970220005
98,98,5,recov,0.0674470457079127,2.6964124970220387,366.6666666666667,2.6964124970220005
99,99,3,recov,0.0674470457079151,2.696412497022003,366.6666666666667,2.6964124970220005
100,100,4,recov,0.0674470457079151,2.696412497022003,366.6666666666667,2.6964124970220005
101,101,5,recov,0.0674470457079151,2.696412497022003,366.6666666666667,2.6964124970220005
102,102,3,recov,0.06744704570791527,2.6964124970220005,366.6666666666667,2.6964124970220005
103,103,4,recov,0.06744704570791527,2.6964124970220005,366.6666666666667,2.6964124970220005
104,104,5,recov,0.06744704570791527,2.6964124970220005,366.6666666666667,2.6964124970220005
105,105,3,recov,0.06744704570791528,2.696412497022,366.6666666666667,2.6964124970220005
106,106,4,recov,0.06744704570791528,2.696412497022,366.6666666666667,2.6964124970220005
107,107,5,recov,0.06744704570791528,2.696412497022,366.6666666666667,2.6964124970220005
108,108,3,recov,0.06744704570791528,2.696412497022,366.6666666666667,2.6964124970220005
109,109,4,recov,0.06744704570791528,2.696412497022,366.6666666666667,2.6964124970220005
110,110,5,recov,0.06744704570791528,2.696412497022,366.6666666666667,2.6964124970220005
111,111,3,recov,0.06744704570791528,2.696412497022,366.6666666666667,2.6964124970220005
112,112,4,recov,0.06744704570791528,2.696412497022,366.6666666666667,2.6964124970220005
113,113,5,recov,0.06744704570791528,2.696412497022,366.6666666666667,2.6964124970220005
114,114,3,recov,0.06744704570791528,2.696412497022,366.6666666666667,2.6964124970220005
115,115,4,recov,0.06744704570791528,2.696412497022,366.6666666666667,2.6964124970220005
116,116,5,recov,0.06744704570791528,2.696412497022,366.6666666666667,2.6964124970220005
117,117,3,recov,0.06744704570791528,2.696412497022,366.6666666666667,2.6964124970220005
118,118,4,recov,0.06744704570791528,2.696412497022,366.6666666666667,2.6964124970220005
119,119,5,recov,0.06744704570791528,2.696412497022,366.6666666666667,2.6964124970220005
120,120,3,recov,0.06744704570791528,2.696412497022,366.6666666666667,2.6964124970220005
121,121,4,recov,0.06744704570791528,2.696412497022,366.6666666666667,2.6964124970220005
122,122,5,recov,0.06744704570791528,2.696412497022,366.6666666666667,2.6964124970220005
123,123,3,recov,0.06744704570791528,2.696412497022,366.6666666666667,2.6964124970220005
124,124,4,recov,0.06744704570791528,2.696412497022,366.6666666666667,2.6964124970220005
125,125,5,recov,0.06744704570791528,2.696412497022,366.6666666666667,2.6964124970220005
126,126,3,recov,0.06744704570791528,2.696412497022,366.6666666666667,2.6964124970220005
127,127,4,recov,0.06744704570791528,2.696412497022,366.6666666666667,2.6964124970220005
128,128,5,recov,0.06744704570791528,2.696412497022,366.6666666666667,2.6964124970220005
129,129,3,recov,0.06744704570791528,2.696412497022,366.6666666666667,2.6964124970220005
130,130,4,recov,0.06744704570791528,2.696412497022,366.6666666666667,2.6964124970220005
131,131,5,recov,0.06744704570791528,2.696412497022,366.6666666666667,2.6964124970220005
132,132,3,recov,0.06744704570791528,2.696412497022,366.6666666666667,2.6964124970220005
133,133,4,recov,0.06744704570791528,2.696412497022,366.6666666666667,2.6964124970220005
134,134,5,recov,0.06744704570791528,2.696412497022,366.6666666666667,2.6964124970220005
135,135,3,recov,0.06744704570791528,2.696412497022,366.6666666666667,2.6964124970220005
136,136,4,recov,0.06744704570791528,2.696412497022,366.6666666666667,2.6964124970220005
137,137,5,recov,0.06744704570791528,2.696412497022,366.6666666666667,2.6964124970220005
138,138,3,recov,0.06744704570791528,2.696412497022,366.6666666666667,2.6964124970220005
139,139,4,recov,0.06744704570791528,2.696412497022,366.6666666666667,2.6964124970220005
140,140,5,recov,0.06744704570791528,2.696412497022,366.6666666666667,2.6964124970220005
141,141,3,recov,0.06744704570791528,2.696412497022,366.6666666666667,2.6964124970220005
142,142,4,recov,0.06744704570791528,2.696412497022,366.6666666666667,2.6964124970220005
143,143,5,recov,0.06744704570791528,2.696412497022,366.6666666666667,2.6964124970220005
144,144,3,recov,0.06744704570791528,2.696412497022,366.6666666666667,2.6964124970220005
145,145,4,recov,0.06744704570791528,2.696412497022,366.6666666666667,2.6964124970220005
146,146,5,recov,0.06744704570791528,2.696412497022,366.6666666666667,2.6964124970220005
147,147,3,recov,0.06744704570791528,2.696412497022,366.6666666666667,2.6964124970220005
148,148,4,recov,0.06744704570791528,2.696412497022,366.6666666666667,2.6964124970220005
149,149,5,recov,0.06744704570791528,2.696412497022,366.6666666666667,2.6964124970220005
150,150,3,recov,0.06744704570791528,2.696412497022,366.6666666666667,2.6964124970220005
151,151,4,recov,0.06744704570791528,2.696412497022,366.6666666666667,2.6964124970220005
152,152,5,recov,0.06744704570791528,2.696412497022,366.6666666666667,2.6964124970220005
153,153,3,recov,0.06744704570791528,2.696412497022,366.6666666666667,2.6964124970220005
154,154,4,recov,0.06744704570791528,2.696412497022,366.6666666666667,2.6964124970220005
155,155,5,recov,0.06744704570791528,2.696412497022,366.6666666666667,2.6964124970220005
156,156,3,recov,0.06744704570791528,2.696412497022,366.6666666666667,2.6964124970220005
157,157,4,recov,0.06744704570791528,2.696412497022,366.6666666666667,2.6964124970220005
158,158,5,recov,0.06744704570791528,2.696412497022,366.6666666666667,2.6964124970220005
159,159,3,recov,0.06744704570791528,2.696412497022,366.6666666666667,2.6964124970220005
160,160,4,recov,0.06744704570791528,2.696412497022,366.6666666666667,2.6964124970220005
161,161,5,recov,0.06744704570791528,2.696412497022,366.6666666666667,2.6964124970220005
162,162,3,recov,0.06744704570791528,2.696412497022,366.6666666666667,2.6964124970220005
163,163,4,recov,0.06744704570791528,2.696412497022,366.6666666666667,2.6964124970220005
164,164,5,recov,0.06744704570791528,2.696412497022,366.6666666666667,2.6964124970220005
165,165,3,recov,0.06744704570791528,2.696412497022,366.6666666666667,2.6964124970220005
166,166,4,recov,0.06744704570791528,2.696412497022,366.6666666666667,2.6964124970220005
167,167,5,recov,0.06744704570791528,2.696412497022,366.6666666666667,2.6964124970220005
168,168,3,recov,0.06744704570791528,2.696412497022,366.6666666666667,2.6964124970220005
169,169,4,recov,0.06744704570791528,2.696412497022,366.6666666666667,2.6964124970220005
170,170,5,recov,0.06744704570791528,2.696412497022,366.6666666666667,2.6964124970220005
171,171,3,recov,0.06744704570791528,2.696412497022,366.6666666666667,2.6964124970220005
172,172,4,recov,0.06744704570791528,2.696412497022,366.6666666666667,2.6964124970220005
173,173,5,recov,0.06744704570791528,2.696412497022,366.6666666666667,2.6964124970220005
174,174,3,recov,0.06744704570791528,2.696412497022,366.6666666666667,2.6964124970220005
175,175,4,recov,0.06744704570791528,2.696412497022,366.6666666666667,2.6964124970220005
176,176,5,recov,0.06744704570791528,2.696412497022,366.6666666666667,2.6964124970220005
177,177,3,recov,0.06744704570791528,2.696412497022,366.6666666666667,2.6964124970220005
178,178,4,recov,0.06744704570791528,2.696412497022,366.6666666666667,2.6964124970220005
179,179,5,recov,0.06744704570791528,2.696412497022,366.6666666666667,2.6964124970220005
180,180,3,recov,0.06744704570791528,2.696412497022,366.6666666666667,2.6964124970220005
181,181,4,recov,0.06744704570791528,2.696412497022,366.6666666666667,2.6964124970220005
182,182,5,recov,0.06744704570791528,2.696412497022,366.6666666666667,2.6964124970220005
183,183,3,recov,0.06744704570791528,2.696412497022,366.6666666666667,2.6964124970220005
184,184,4,recov,0.06744704570791528,2.696412497022,366.6666666666667,2.6964124970220005
185,185,5,recov,0.06744704570791528,2.696412497022,366.6666666666667,2.6964124970220005
186,186,3,recov,0.06744704570791528,2.696412497022,366.6666666666667,2.6964124970220005
187,187,4,recov,0.06744704570791528,2.696412497022,366.6666666666667,2.6964124970220005
188,188,5,recov,0.06744704570791528,2.696412497022,366.6666666666667,2.6964124970220005
189,189,3,recov,0.06744704570791528,2.696412497022,366.6666666666667,2.6964124970220005
190,190,4,recov,0.06744704570791528,2.696412497022,366.6666666666667,2.6964124970220005
191,191,5,recov,0.06744704570791528,2.696412497022,366.6666666666667,2.6964124970220005
192,192,3,recov,0.06744704570791528,2.696412497022,366.6666666666667,2.6964124970220005
193,193,4,recov,0.06744704570791528,2.696412497022,366.6666666666667,2.6964124970220005
194,194,5,recov,0.06744704570791528,2.696412497022,366.6666666666667,2.6964124970220005
195,195,3,recov,0.06744704570791528,2.696412497022,366.6666666666667,2.6964124970220005
196,196,4,recov,0.06744704570791528,2.696412497022,366.6666666666667,2.6964124970220005
197,197,5,recov,0.06744704570791528,2.696412497022,366.6666666666667,2.6964124970220005
198,198,3,recov,0.06744704570791528,2.696412497022,366.6666666666667,2.6964124970220005
199,199,4,recov,0.06744704570791528,2.696412497022,366.6666666666667,2.6964124970220005
200,200,5,recov,0.06744704570791528,2.696412497022,366.6666666666667,2.6964124970220005
201,201,3,recov,0.06744704570791528,2.696412497022,366.6666666666667,2.6964124970220005
202,202,4,recov,0.06744704570791528,2.696412497022,366.6666666666667,2.6964124970220005
203,203,5,recov,0.06744704570791528,2.696412497022,366.6666666666667,2.6964124970220005
204,204,3,recov,0.06744704570791528,2.696412497022,366.6666666666667,2.6964124970220005
205,205,4,recov,0.06744704570791528,2.696412497022,366.6666666666667,2.6964124970220005
206,206,5,recov,0.06744704570791528,2.696412497022,366.6666666666667,2.6964124970220005
207,207,3,recov,0.06744704570791528,2.696412497022,366.6666666666667,2.6964124970220005
208,208,4,recov,0.06744704570791528,2.696412497022,366.6666666666667,2.6964124970220005
209,209,5,recov,0.06744704570791528,2.696412497022,366.6666666666667,2.6964124970220005
210,210,3,recov,0.06744704570791528,2.696412497022,366.6666666666667,2.6964124970220005
211,211,4,recov,0.06744704570791528,2.696412497022,366.6666666666667,2.6964124970220005
212,212,5,recov,0.06744704570791528,2.696412497022,366.6666666666667,2.6964124970220005
213,213,3,recov,0.06744704570791528,2.696412497022,366.6666666666667,2.6964124970220005
214,214,4,recov,0.06744704570791528,2.696412497022,366.6666666666667,2.6964124970220005
215,215,5,recov,0.06744704570791528,2.696412497022,366.6666666666667,2.6964124970220005
216,216,3,recov,0.06744704570791528,2.696412497022,366.6666666666667,2.6964124970220005
217,217,4,recov,0.06744704570791528,2.696412497022,366.6666666666667,2.6964124970220005
218,218,5,recov,0.06744704570791528,2.696412497022,366.6666666666667,2.6964124970220005
219,219,3,recov,0.06744704570791528,2.696412497022,366.6666666666667,2.6964124970220005
220,220,4,recov,0.06744704570791528,2.696412497022,366.6666666666667,2.6964124970220005
221,221,5,recov,0.06744704570791528,2.696412497022,366.6666666666667,2.6964124970220005
222,222,3,recov,0.06744704570791528,2.696412497022,366.6666666666667,2.6964124970220005
223,223,4,recov,0.06744704570791528,2.696412497022,366.6666666666667,2.6964124970220005
224,224,5,recov,0.06744704570791528,2.696412497022,366.6666666666667,2.6964124970220005
225,225,3,recov,0.06744704570791528,2.696412497022,366.6666666666667,2.6964124970220005
226,226,4,recov,0.06744704570791528,2.696412497022,366.6666666666667,2.6964124970220005
227,227,5,recov,0.06744704570791528,2.696412497022,366.6666666666667,2.6964124970220005
228,228,3,recov,0.06744704570791528,2.696412497022,366.6666666666667,2.6964124970220005
229,229,4,recov,0.06744704570791528,2.696412497022,366.6666666666667,2.6964124970220005
230,230,5,recov,0.06744704570791528,2.696412497022,366.6666666666667,2.6964124970220005
231,231,3,recov,0.06744704570791528,2.696412497022,366.6666666666667,2.6964124970220005
232,232,4,recov,0.06744704570791528,2.696412497022,366.6666666666667,2.6964124970220005
233,233,5,recov,0.06744704570791528,2.696412497022,366.6666666666667,2.6964124970220005
234,234,3,recov,0.06744704570791528,2.696412497022,366.6666666666667,2.6964124970220005
235,235,4,recov,0.06744704570791528,2.696412497022,366.6666666666667,2.6964124970220005
236,236,5,recov,0.06744704570791528,2.696412497022,366.6666666666667,2.6964124970220005
237,237,3,recov,0.06744704570791528,2.696412497022,366.6666666666667,2.6964124970220005
238,238,4,recov,0.06744704570791528,2.696412497022,366.6666666666667,2.6964124970220005
239,239,5,recov,0.06744704570791528,2.696412497022,366.6666666666667,2.6964124970220005
240,240,3,recov,0.06744704570791528,2.696412497022,366.6666666666667,2.6964124970220005
241,241,4,recov,0.06744704570791528,2.696412497022,366.6666666666667,2.6964124970220005
242,242,5,recov,0.06744704570791528,2.696412497022,366.6666666666667,2.6964124970220005
243,243,3,recov,0.06744704570791528,2.696412497022,366.6666666666667,2.6964124970220005
244,244,4,recov,0.06744704570791528,2.696412497022,366.6666666666667,2.6964124970220005
245,245,5,recov,0.06744704570791528,2.696412497022,366.6666666666667,2.6964124970220005
246,246,3,recov,0.06744704570791528,2.696412497022,366.6666666666667,2.6964124970220005
247,247,4,recov,0.06744704570791528,2.696412497022,366.6666666666667,2.6964124970220005
248,248,5,recov,0.06744704570791528,2.696412497022,366.6666666666667,2.6964124970220005
249,249,3,recov,0.06744704570791528,2.696412497022,366.6666666666667,2.6964124970220005
250,250,4,recov,0.06744704570791528,2.696412497022,366.6666666666667,2.6964124970220005
251,251,5,recov,0.06744704570791528,2.696412497022,366.6666666666667,2.6964124970220005
252,252,3,recov,0.06744704570791528,2.696412497022,366.6666666666667,2.6964124970220005
253,253,4,recov,0.06744704570791528,2.696412497022,366.6666666666667,2.6964124970220005
254,254,5,recov,0.06744704570791528,2.696412497022,366.6666666666667,2.6964124970220005
255,255,3,recov,0.06744704570791528,2.696412497022,366.6666666666667,2.6964124970220005
256,256,4,recov,0.06744704570791528,2.696412497022,366.6666666666667,2.6964124970220005
257,257,5,recov,0.06744704570791528,2.696412497022,366.6666666666667,2.6964124970220005
258,258,3,recov,0.06744704570791528,2.696412497022,366.6666666666667,2.6964124970220005
259,259,4,recov,0.06744704570791528,2.696412497022,366.6666666666667,2.6964124970220005
260,260,5,recov,0.06744704570791528,2.696412497022,366.6666666666667,2.6964124970220005
261,261,3,recov,0.06744704570791528,2.696412497022,366.6666666666667,2.6964124970220005
262,262,4,recov,0.06744704570791528,2.696412497022,366.6666666666667,2.6964124970220005
263,263,5,recov,0.06744704570791528,2.696412497022,366.6666666666667,2.6964124970220005
264,264,3,recov,0.06744704570791528,2.696412497022,366.6666666666667,2.6964124970220005
265,265,4,recov,0.06744704570791528,2.696412497022,366.6666666666667,2.6964124970220005
266,266,5,recov,0.06744704570791528,2.696412497022,366.6666666666667,2.6964124970220005
267,267,3,recov,0.06744704570791528,2.696412497022,366.6666666666667,2.6964124970220005
268,268,4,recov,0.06744704570791528,2.696412497022,366.6666666666667,2.6964124970220005
269,269,5,recov,0.06744704570791528,2.696412497022,366.6666666666667,2.6964124970220005
270,270,3,recov,0.06744704570791528,2.696412497022,366.6666666666667,2.6964124970220005
271,271,4,recov,0.06744704570791528,2.696412497022,366.6666666666667,2.6964124970220005
272,272,5,recov,0.06744704570791528,2.696412497022,366.6666666666667,2.6964124970220005
273,273,3,recov,0.06744704570791528,2.696412497022,366.6666666666667,2.6964124970220005
274,274,4,recov,0.06744704570791528,2.696412497022,366.6666666666667,2.6964124970220005
275,275,5,recov,0.06744704570791528,2.696412497022,366.6666666666667,2.6964124970220005
276,276,3,recov,0.06744704570791528,2.696412497022,366.6666666666667,2.6964124970220005
277,277,4,recov,0.06744704570791528,2.696412497022,366.6666666666667,2.6964124970220005
278,278,5,recov,0.06744704570791528,2.696412497022,366.6666666666667,2.6964124970220005
279,279,3,recov,0.06744704570791528,2.696412497022,366.6666666666667,2.6964124970220005
280,280,4,recov,0.06744704570791528,2.696412497022,366.6666666666667,2.6964124970220005
281,281,5,recov,0.06744704570791528,2.696412497022,366.6666666666667,2.6964124970220005
282,282,3,recov,0.06744704570791528,2.696412497022,366.6666666666667,2.6964124970220005
283,283,4,recov,0.06744704570791528,2.696412497022,366.6666666666667,2.6964124970220005
284,284,5,recov,0.06744704570791528,2.696412497022,366.6666666666667,2.6964124970220005
285,285,3,recov,0.06744704570791528,2.696412497022,366.6666666666667,2.6964124970220005
286,286,4,recov,0.06744704570791528,2.696412497022,366.6666666666667,2.6964124970220005
287,287,5,recov,0.06744704570791528,2.696412497022,366.6666666666667,2.6964124970220005
288,288,3,recov,0.06744704570791528,2.696412497022,366.6666666666667,2.6964124970220005
289,289,4,recov,0.06744704570791528,2.696412497022,366.6666666666667,2.6964124970220005
290,290,5,recov,0.06744704570791528,2.696412497022,366.6666666666667,2.6964124970220005
291,291,3,recov,0.06744704570791528,2.696412497022,366.6666666666667,2.6964124970220005
292,292,4,recov,0.06744704570791528,2.696412497022,366.6666666666667,2.6964124970220005
293,293,5,recov,0.06744704570791528,2.696412497022,366.6666666666667,2.6964124970220005
294,294,3,recov,0.06744704570791528,2.696412497022,366.6666666666667,2.6964124970220005
295,295,4,recov,0.06744704570791528,2.696412497022,366.6666666666667,2.6964124970220005
296,296,5,recov,0.06744704570791528,2.696412497022,366.6666666666667,2.6964124970220005
297,297,3,recov,0.06744704570791528,2.696412497022,366.6666666666667,2.6964124970220005
298,298,4,recov,0.06744704570791528,2.696412497022,366.6666666666667,2.6964124970220005
299,299,5,recov,0.06744704570791528,2.696412497022,366.6666666666667,2.6964124970220005
300,300,3,recov,0.06744704570791528,2.696412497022,366.6666666666667,2.6964124970220005
301,301,4,recov,0.06744704570791528,2.696412497022,366.6666666666667,2.6964124970220005
302,302,5,recov,0.06744704570791528,2.696412497022,366.6666666666667,2.6964124970220005
303,303,3,recov,0.06744704570791528,2.696412497022,366.6666666666667,2.6964124970220005
304,304,4,recov,0.06744704570791528,2.696412497022,366.6666666666667,2.6964124970220005
305,305,5,recov,0.06744704570791528,2.696412497022,366.6666666666667,2.6964124970220005
306,306,3,recov,0.06744704570791528,2.696412497022,366.6666666666667,2.6964124970220005
307,307,4,recov,0.06744704570791528,2.696412497022,366.6666666666667,2.6964124970220005
308,308,5,recov,0.06744704570791528,2.696412497022,366.6666666666667,2.6964124970220005
309,309,3,recov,0.06744704570791528,2.696412497022,366.6666666666667,2.6964124970220005
310,310,4,recov,0.06744704570791528,2.696412497022,366.6666666666667,2.6964124970220005
311,311,5,recov,0.06744704570791528,2.696412497022,366.6666666666667,2.6964124970220005
312,312,3,recov,0.06744704570791528,2.696412497022,366.6666666666667,2.6964124970220005
313,313,4,recov,0.06744704570791528,2.696412497022,366.6666666666667,2.6964124970220005
314,314,5,recov,0.06744704570791528,2.696412497022,366.6666666666667,2.6964124970220005
315,315,3,recov,0.06744704570791528,2.696412497022,366.6666666666667,2.6964124970220005
316,316,4,recov,0.06744704570791528,2.696412497022,366.6666666666667,2.6964124970220005
317,317,5,recov,0.06744704570791528,2.696412497022,366.6666666666667,2.6964124970220005
318,318,3,recov,0.06744704570791528,2.696412497022,366.6666666666667,2.6964124970220005
319,319,4,recov,0.06744704570791528,2.696412497022,366.6666666666667,2.6964124970220005
320,320,5,recov,0.06744704570791528,2.696412497022,366.6666666666667,2.6964124970220005
321,321,3,recov,0.06744704570791528,2.696412497022,366.6666666666667,2.6964124970220005
322,322,4,recov,0.06744704570791528,2.696412497022,366.6666666666667,2.6964124970220005
323,323,5,recov,0.06744704570791528,2.696412497022,366.6666666666667,2.6964124970220005
324,324,3,recov,0.06744704570791528,2.696412497022,366.6666666666667,2.6964124970220005
325,325,4,recov,0.06744704570791528,2.696412497022,366.6666666666667,2.6964124970220005
326,326,5,recov,0.06744704570791528,2.696412497022,366.6666666666667,2.6964124970220005
327,327,3,recov,0.06744704570791528,2.696412497022,366.6666666666667,2.6964124970220005
328,328,4,recov,0.06744704570791528,2.696412497022,366.6666666666667,2.6964124970220005
329,329,5,recov,0.06744704570791528,2.696412497022,366.6666666666667,2.6964124970220005
330,330,3,recov,0.06744704570791528,2.696412497022,366.6666666666667,2.6964124970220005
331,331,4,recov,0.06744704570791528,2.696412497022,366.6666666666667,2.6964124970220005
332,332,5,recov,0.06744704570791528,2.696412497022,366.6666666666667,2.6964124970220005
333,333,3,recov,0.06744704570791528,2.696412497022,366.6666666666667,2.6964124970220005
334,334,4,recov,0.06744704570791528,2.696412497022,366.6666666666667,2.6964124970220005
335,335,5,recov,0.06744704570791528,2.696412497022,366.6666666666667,2.6964124970220005
336,336,3,recov,0.06744704570791528,2.696412497022,366.6666666666667,2.6964124970220005
337,337,4,recov,0.06744704570791528,2.696412497022,366.6666666666667,2.6964124970220005
338,338,5,recov,0.06744704570791528,2.696412497022,366.6666666666667,2.6964124970220005
339,339,3,recov,0.06744704570791528,2.696412497022,366.6666666666667,2.6964124970220005
340,340,4,recov,0.06744704570791528,2.696412497022,366.6666666666667,2.6964124970220005
341,341,5,recov,0.06744704570791528,2.696412497022,366.6666666666667,2.6964124970220005
342,342,3,recov,0.06744704570791528,2.696412497022,366.6666666666667,2.6964124970220005
343,343,4,recov,0.06744704570791528,2.696412497022,366.6666666666667,2.6964124970220005
344,344,5,recov,0.06744704570791528,2.696412497022,366.6666666666667,2.6964124970220005
345,345,3,recov,0.06744704570791528,2.696412497022,366.6666666666667,2.6964124970220005
346,346,4,recov,0.06744704570791528,2.696412497022,366.6666666666667,2.6964124970220005
347,347,5,recov,0.06744704570791528,2.696412497022,366.6666666666667,2.6964124970220005
348,348,3,recov,0.06744704570791528,2.696412497022,366.6666666666667,2.6964124970220005
349,349,4,recov,0.06744704570791528,2.696412497022,366.6666666666667,2.6964124970220005
350,350,5,recov,0.06744704570791528,2.696412497022,366.6666666666667,2.6964124970220005
351,351,3,recov,0.06744704570791528,2.696412497022,366.6666666666667,2.6964124970220005
352,352,4,recov,0.06744704570791528,2.696412497022,366.6666666666667,2.6964124970220005
353,353,5,recov,0.06744704570791528,2.696412497022,366.6666666666667,2.6964124970220005
354,354,3,recov,0.06744704570791528,2.696412497022,366.6666666666667,2.6964124970220005
355,355,4,recov,0.06744704570791528,2.696412497022,366.6666666666667,2.6964124970220005
356,356,5,recov,0.06744704570791528,2.696412497022,366.6666666666667,2.6964124970220005
357,357,3,recov,0.06744704570791528,2.696412497022,366.6666666666667,2.6964124970220005
358,358,4,recov,0.06744704570791528,2.696412497022,366.6666666666667,2.6964124970220005
359,359,5,recov,0.06744704570791528,2.696412497022,366.6666666666667,2.6964124970220005
360,360,3,recov,0.06744704570791528,2.696412497022,366.6666666666667,2.6964124970220005
361,361,4,recov,0.06744704570791528,2.696412497022,366.6666666666667,2.6964124970220005
362,362,5,recov,0.06744704570791528,2.696412497022,366.6666666666667,2.6964124970220005
363,363,3,recov,0.06744704570791528,2.696412497022,366.6666666666667,2.6964124970220005
364,364,4,recov,0.06744704570791528,2.696412497022,366.6666666666667,2.6964124970220005
365,365,5,recov,0.06744704570791528,2.696412497022,366.6666666666667,2.6964124970220005
366,366,3,recov,0.06744704570791528,2.696412497022,366.6666666666667,2.6964124970220005
367,367,4,recov,0.06744704570791528,2.696412497022,366.6666666666667,2.6964124970220005
368,368,5,recov,0.06744704570791528,2.696412497022,366.6666666666667,2.6964124970220005
369,369,3,recov,0.06744704570791528,2.696412497022,366.6666666666667,2.6964124970220005
370,370,4,recov,0.06744704570791528,2.696412497022,366.6666666666667,2.6964124970220005
371,371,5,recov,0.06744704570791528,2.696412497022,366.6666666666667,2.6964124970220005
372,372,3,recov,0.06744704570791528,2.696412497022,366.6666666666667,2.6964124970220005
373,373,4,recov,0.06744704570791528,2.696412497022,366.6666666666667,2.6964124970220005
374,374,5,recov,0.06744704570791528,2.696412497022,366.6666666666667,2.6964124970220005
375,375,3,recov,0.06744704570791528,2.696412497022,366.6666666666667,2.6964124970220005
376,376,4,recov,0.06744704570791528,2.696412497022,366.6666666666667,2.6964124970220005
377,377,5,recov,0.06744704570791528,2.696412497022,366.6666666666667,2.6964124970220005
378,378,3,recov,0.06744704570791528,2.696412497022,366.6666666666667,2.6964124970220005
379,379,4,recov,0.06744704570791528,2.696412497022,366.6666666666667,2.6964124970220005
380,380,5,recov,0.06744704570791528,2.696412497022,366.6666666666667,2.6964124970220005
381,381,3,recov,0.06744704570791528,2.696412497022,366.6666666666667,2.6964124970220005
382,382,4,recov,0.06744704570791528,2.696412497022,366.6666666666667,2.6964124970220005
383,383,5,recov,0.06744704570791528,2.696412497022,366.6666666666667,2.6964124970220005
384,384,3,recov,0.06744704570791528,2.696412497022,366.6666666666667,2.6964124970220005
385,385,4,recov,0.06744704570791528,2.696412497022,366.6666666666667,2.6964124970220005
386,386,5,recov,0.06744704570791528,2.696412497022,366.6666666666667,2.6964124970220005
387,387,3,recov,0.06744704570791528,2.696412497022,366.6666666666667,2.6964124970220005
388,388,4,recov,0.06744704570791528,2.696412497022,366.6666666666667,2.6964124970220005
389,389,5,recov,0.06744704570791528,2.696412497022,366.6666666666667,2.6964124970220005
390,390,3,recov,0.06744704570791528,2.696412497022,366.6666666666667,2.6964124970220005
391,391,4,recov,0.06744704570791528,2.696412497022,366.6666666666667,2.6964124970220005
392,392,5,recov,0.06744704570791528,2.696412497022,366.6666666666667,2.6964124970220005
393,393,3,recov,0.06744704570791528,2.696412497022,366.6666666666667,2.6964124970220005
394,394,4,recov,0.06744704570791528,2.696412497022,366.6666666666667,2.6964124970220005
395,395,5,recov,0.06744704570791528,2.696412497022,366.6666666666667,2.6964124970220005
396,396,3,recov,0.06744704570791528,2.696412497022,366.6666666666667,2.6964124970220005
397,397,4,recov,0.06744704570791528,2.696412497022,366.6666666666667,2.6964124970220005
398,398,5,recov,0.06744704570791528,2.696412497022,366.6666666666667,2.6964124970220005
399,399,3,recov,0.06744704570791528,2.696412497022,366.6666666666667,2.6964124970220005
400,400,4,recov,0.06744704570791528,2.696412497022,366.6666666666667,2.6964124970220005
401,401,5,recov,0.06744704570791528,2.696412497022,366.6666666666667,2.6964124970220005
402,402,3,recov,0.06744704570791528,2.696412497022,366.6666666666667,2.6964124970220005
403,403,4,recov,0.06744704570791528,2.696412497022,366.6666666666667,2.6964124970220005
404,404,5,recov,0.06744704570791528,2.696412497022,366.6666666666667,2.6964124970220005
405,405,3,recov,0.06744704570791528,2.696412497022,366.6666666666667,2.6964124970220005
406,406,4,recov,0.06744704570791528,2.696412497022,366.6666666666667,2.6964124970220005
407,407,5,recov,0.06744704570791528,2.696412497022,366.6666666666667,2.6964124970220005
408,408,3,recov,0.06744704570791528,2.696412497022,366.6666666666667,2.6964124970220005
409,409,4,recov,0.06744704570791528,2.696412497022,366.6666666666667,2.6964124970220005
410,410,5,recov,0.06744704570791528,2.696412497022,366.6666666666667,2.6964124970220005
411,411,3,recov,0.06744704570791528,2.696412497022,366.6666666666667,2.6964124970220005
412,412,4,recov,0.06744704570791528,2.696412497022,366.6666666666667,2.6964124970220005
413,413,5,recov,0.06744704570791528,2.696412497022,366.6666666666667,2.6964124970220005
414,414,3,recov,0.06744704570791528,2.696412497022,366.6666666666667,2.6964124970220005
415,415,4,recov,0.06744704570791528,2.696412497022,366.6666666666667,2.6964124970220005
416,416,5,recov,0.06744704570791528,2.696412497022,366.6666666666667,2.6964124970220005
417,417,3,recov,0.06744704570791528,2.696412497022,366.6666666666667,2.6964124970220005
418,418,4,recov,0.06744704570791528,2.696412497022,366.6666666666667,2.6964124970220005
419,419,5,recov,0.06744704570791528,2.696412497022,366.6666666666667,2.6964124970220005
420,420,3,recov,0.06744704570791528,2.696412497022,366.6666666666667,2.6964124970220005
421,421,4,recov,0.06744704570791528,2.696412497022,366.6666666666667,2.6964124970220005
422,422,5,recov,0.06744704570791528,2.696412497022,366.6666666666667,2.6964124970220005
423,423,3,recov,0.06744704570791528,2.696412497022,366.6666666666667,2.6964124970220005
424,424,4,recov,0.06744704570791528,2.696412497022,366.6666666666667,2.6964124970220005
425,425,5,recov,0.06744704570791528,2.696412497022,366.6666666666667,2.6964124970220005
426,426,3,recov,0.06744704570791528,2.696412497022,366.6666666666667,2.6964124970220005
427,427,4,recov,0.06744704570791528,2.696412497022,366.6666666666667,2.6964124970220005
428,428,5,recov,0.06744704570791528,2.696412497022,366.6666666666667,2.6964124970220005
429,429,3,recov,0.06744704570791528,2.696412497022,366.6666666666667,2.6964124970220005
430,430,4,recov,0.06744704570791528,2.696412497022,366.6666666666667,2.6964124970220005
431,431,5,recov,0.06744704570791528,2.696412497022,366.6666666666667,2.6964124970220005
432,432,0,fam_r,0.06521739130434782,2.7300291078209855,366.6666666666667,2.6964124970220005
433,433,1,fam_r,0.06521739130434782,2.7300291078209855,366.6666666666667,2.6964124970220005
434,434,2,fam_r,0.06521739130434782,2.7300291078209855,366.6666666666667,2.6964124970220005
435,435,0,fam_r,0.06730434782608695,2.6985304407616146,366.6666666666667,2.6964124970220005
436,436,1,fam_r,0.06730434782608695,2.6985304407616146,366.6666666666667,2.6964124970220005
437,437,2,fam_r,0.06730434782608695,2.6985304407616146,366.6666666666667,2.6964124970220005
438,438,0,fam_r,0.06743791304347825,2.696547911148757,366.6666666666667,2.6964124970220005
439,439,1,fam_r,0.06743791304347825,2.696547911148757,366.6666666666667,2.6964124970220005
440,440,2,fam_r,0.06743791304347825,2.696547911148757,366.6666666666667,2.6964124970220005
441,441,0,fam_r,0.0674464612173913,2.6964211629769053,366.6666666666667,2.6964124970220005
442,442,1,fam_r,0.0674464612173913,2.6964211629769053,366.6666666666667,2.6964124970220005
443,443,2,fam_r,0.0674464612173913,2.6964211629769053,366.6666666666667,2.6964124970220005
444,444,0,fam_r,0.06744700830052174,2.696413051640865,366.6666666666667,2.6964124970220005
445,445,1,fam_r,0.06744700830052174,2.696413051640865,366.6666666666667,2.6964124970220005
446,446,2,fam_r,0.06744700830052174,2.696413051640865,366.6666666666667,2.6964124970220005
0,0,0,fam,0.06666666666666667,2.70805020110221,476.6666666666667,2.6964124970220005
1,1,1,fam,0.06578947368421052,2.7212954278522306,476.6666666666667,2.6964124970220005
2,2,2,fam,0.06544502617801047,2.7265447837383743,476.6666666666667,2.6964124970220005
3,3,0,fam,0.06739811912225706,2.6971381676512274,476.6666666666667,2.6964124970220005
4,4,1,fam,0.0673418250156609,2.697973764106782,476.6666666666667,2.6964124970220005
5,5,2,fam,0.067319333695153,2.698307807284969,476.6666666666667,2.6964124970220005
6,6,0,fam,0.06744391848456767,2.69645886370589,476.6666666666667,2.6964124970220005
7,7,1,fam,0.06744031509157056,2.6965122931231384,476.6666666666667,2.6964124970220005
8,8,2,fam,0.06743887384218177,2.6965336640907465,476.6666666666667,2.6964124970220005
9,9,0,fam,0.06744684558230193,2.6964154641780578,476.6666666666667,2.6964124970220005
10,10,1,fam,0.06744661496282986,2.6964188834612632,476.6666666666667,2.6964124970220005
11,11,2,fam,0.06744652271548261,2.696420251171272,476.6666666666667,2.6964124970220005
12,12,0,fam,0.06744703289994435,2.6964126869187113,476.6666666666667,2.6964124970220005
13,13,1,fam,0.06744701814028863,2.6964129057520196,476.6666666666667,2.6964124970220005
14,14,2,fam,0.06744701223642816,2.696412993285329,476.6666666666667,2.6964124970220005
15,15,0,fam,0.06744704488820541,2.6964125091753846,476.6666666666667,2.6964124970220005
16,16,1,fam,0.0674470439435874,2.696412523180713,476.6666666666667,2.6964124970220005
17,17,2,fam,0.0674470435657402,2.6964125287828447,476.6666666666667,2.6964124970220005
18,18,0,fam,0.06744704565545385,2.696412497799817,476.6666666666667,2.6964124970220005
19,19,1,fam,0.0674470455949983,2.6964124986961577,476.6666666666667,2.6964124970220005
20,20,2,fam,0.06744704557081607,2.6964124990546945,476.6666666666667,2.6964124970220005
21,21,0,fam,0.06744704570455774,2.6964124970717807,476.6666666666667,2.6964124970220005
22,22,1,fam,0.06744704570068859,2.6964124971291463,476.6666666666667,2.6964124970220005
23,23,2,fam,0.06744704569914092,2.696412497152093,476.6666666666667,2.6964124970220005
24,24,0,fam,0.0674470457077004,2.6964124970251864,476.6666666666667,2.6964124970220005
25,25,1,fam,0.06744704570745277,2.6964124970288577,476.6666666666667,2.6964124970220005
26,26,2,fam,0.06744704570735371,2.6964124970303263,476.6666666666667,2.6964124970220005
27,27,0,fam,0.06744704570790153,2.6964124970222043,476.6666666666667,2.6964124970220005
28,28,1,fam,0.06744704570788568,2.6964124970224392,476.6666666666667,2.6964124970220005
29,29,2,fam,0.06744704570787934,2.6964124970225334,476.6666666666667,2.6964124970220005
30,30,0,fam,0.0674470457079144,2.6964124970220134,476.6666666666667,2.6964124970220005
31,31,1,fam,0.06744704570791338,2.6964124970220285,476.6666666666667,2.6964124970220005
32,32,2,fam,0.06744704570791298,2.6964124970220342,476.6666666666667,2.6964124970220005
33,33,0,fam,0.06744704570791521,2.6964124970220014,476.6666666666667,2.6964124970220005
34,34,1,fam,0.06744704570791515,2.6964124970220023,476.6666666666667,2.6964124970220005
35,35,2,fam,0.06744704570791513,2.6964124970220027,476.6666666666667,2.6964124970220005
36,36,0,fam,0.06744704570791528,2.696412497022,476.6666666666667,2.6964124970220005
37,37,1,fam,0.06744704570791528,2.696412497022,476.6666666666667,2.6964124970220005
38,38,2,fam,0.06744704570791527,2.6964124970220005,476.6666666666667,2.6964124970220005
39,39,0,fam,0.06744704570791528,2.696412497022,476.6666666666667,2.6964124970220005
40,40,1,fam,0.06744704570791528,2.696412497022,476.6666666666667,2.6964124970220005
41,41,2,fam,0.06744704570791528,2.696412497022,476.6666666666667,2.6964124970220005
42,42,0,fam,0.06744704570791528,2.696412497022,476.6666666666667,2.6964124970220005
43,43,1,fam,0.06744704570791528,2.696412497022,476.6666666666667,2.6964124970220005
44,44,2,fam,0.06744704570791528,2.696412497022,476.6666666666667,2.6964124970220005
45,45,0,fam,0.06744704570791528,2.696412497022,476.6666666666667,2.6964124970220005
46,46,1,fam,0.06744704570791528,2.696412497022,476.6666666666667,2.6964124970220005
47,47,2,fam,0.06744704570791528,2.696412497022,476.6666666666667,2.6964124970220005
48,48,0,fam,0.06744704570791528,2.696412497022,476.6666666666667,2.6964124970220005
49,49,1,fam,0.06744704570791528,2.696412497022,476.6666666666667,2.6964124970220005
50,50,2,fam,0.06744704570791528,2.696412497022,476.6666666666667,2.6964124970220005
51,51,0,fam,0.06744704570791528,2.696412497022,476.6666666666667,2.6964124970220005
52,52,1,fam,0.06744704570791528,2.696412497022,476.6666666666667,2.6964124970220005
53,53,2,fam,0.06744704570791528,2.696412497022,476.6666666666667,2.6964124970220005
54,54,0,fam,0.06744704570791528,2.696412497022,476.6666666666667,2.6964124970220005
55,55,1,fam,0.06744704570791528,2.696412497022,476.6666666666667,2.6964124970220005
56,56,2,fam,0.06744704570791528,2.696412497022,476.6666666666667,2.6964124970220005
57,57,0,fam,0.06744704570791528,2.696412497022,476.6666666666667,2.6964124970220005
58,58,1,fam,0.06744704570791528,2.696412497022,476.6666666666667,2.6964124970220005
59,59,2,fam,0.06744704570791528,2.696412497022,476.6666666666667,2.6964124970220005
60,60,0,fam,0.06744704570791528,2.696412497022,476.6666666666667,2.6964124970220005
61,61,1,fam,0.06744704570791528,2.696412497022,476.6666666666667,2.6964124970220005
62,62,2,fam,0.06744704570791528,2.696412497022,476.6666666666667,2.6964124970220005
63,63,0,fam,0.06744704570791528,2.696412497022,476.6666666666667,2.6964124970220005
64,64,1,fam,0.06744704570791528,2.696412497022,476.6666666666667,2.6964124970220005
65,65,2,fam,0.06744704570791528,2.696412497022,476.6666666666667,2.6964124970220005
66,66,3,recov,0.06521739130434782,2.7300291078209855,476.6666666666667,2.6964124970220005
67,67,4,recov,0.06521739130434782,2.7300291078209855,476.6666666666667,2.6964124970220005
68,68,5,recov,0.06521739130434782,2.7300291078209855,476.6666666666667,2.6964124970220005
69,69,3,recov,0.06730434782608695,2.6985304407616146,476.6666666666667,2.6964124970220005
70,70,4,recov,0.06730434782608695,2.6985304407616146,476.6666666666667,2.6964124970220005
71,71,5,recov,0.06730434782608695,2.6985304407616146,476.6666666666667,2.6964124970220005
72,72,3,recov,0.06743791304347825,2.696547911148757,476.6666666666667,2.6964124970220005
73,73,4,recov,0.06743791304347825,2.696547911148757,476.6666666666667,2.6964124970220005
74,74,5,recov,0.06743791304347825,2.696547911148757,476.6666666666667,2.6964124970220005
75,75,3,recov,0.0674464612173913,2.6964211629769053,476.6666666666667,2.6964124970220005
76,76,4,recov,0.0674464612173913,2.6964211629769053,476.6666666666667,2.6964124970220005
77,77,5,recov,0.0674464612173913,2.6964211629769053,476.6666666666667,2.6964124970220005
78,78,3,recov,0.06744700830052174,2.696413051640865,476.6666666666667,2.6964124970220005
79,79,4,recov,0.06744700830052174,2.696413051640865,476.6666666666667,2.6964124970220005
80,80,5,recov,0.06744700830052174,2.696413051640865,476.6666666666667,2.6964124970220005
81,81,3,recov,0.06744704331384208,2.6964125325175985,476.6666666666667,2.6964124970220005
82,82,4,recov,0.06744704331384208,2.6964125325175985,476.6666666666667,2.6964124970220005
83,83,5,recov,0.06744704331384208,2.6964125325175985,476.6666666666667,2.6964124970220005
84,84,3,recov,0.06744704555469459,2.6964124992937184,476.6666666666667,2.6964124970220005
85,85,4,recov,0.06744704555469459,2.6964124992937184,476.6666666666667,2.6964124970220005
86,86,5,recov,0.06744704555469459,2.6964124992937184,476.6666666666667,2.6964124970220005
87,87,3,recov,0.06744704569810915,2.6964124971673904,476.6666666666667,2.6964124970220005
88,88,4,recov,0.06744704569810915,2.6964124971673904,476.6666666666667,2.6964124970220005
89,89,5,recov,0.06744704569810915,2.6964124971673904,476.6666666666667,2.6964124970220005
90,90,3,recov,0.06744704570728768,2.6964124970313055,476.6666666666667,2.6964124970220005
91,91,4,recov,0.06744704570728768,2.6964124970313055,476.6666666666667,2.6964124970220005
92,92,5,recov,0.06744704570728768,2.6964124970313055,476.6666666666667,2.6964124970220005
93,93,3,recov,0.0674470457078751,2.696412497022596,476.6666666666667,2.6964124970220005
94,94,4,recov,0.0674470457078751,2.696412497022596,476.6666666666667,2.6964124970220005
95,95,5,recov,0.0674470457078751,2.696412497022596,476.6666666666667,2.6964124970220005
96,96,3,recov,0.0674470457079127,2.6964124970220387,476.6666666666667,2.6964124970220005
97,97,4,recov,0.0674470457079127,2.6964124970220387,476.6666666666667,2.6964124970220005
98,98,5,recov,0.0674470457079127,2.6964124970220387,476.6666666666667,2.6964124970220005
99,99,3,recov,0.0674470457079151,2.696412497022003,476.6666666666667,2.6964124970220005
100,100,4,recov,0.0674470457079151,2.696412497022003,476.6666666666667,2.6964124970220005
101,101,5,recov,0.0674470457079151,2.696412497022003,476.6666666666667,2.6964124970220005
102,102,3,recov,0.06744704570791527,2.6964124970220005,476.6666666666667,2.6964124970220005
103,103,4,recov,0.06744704570791527,2.6964124970220005,476.6666666666667,2.6964124970220005
104,104,5,recov,0.06744704570791527,2.6964124970220005,476.6666666666667,2.6964124970220005
105,105,3,recov,0.06744704570791528,2.696412497022,476.6666666666667,2.6964124970220005
106,106,4,recov,0.06744704570791528,2.696412497022,476.6666666666667,2.6964124970220005
107,107,5,recov,0.06744704570791528,2.696412497022,476.6666666666667,2.6964124970220005
108,108,3,recov,0.06744704570791528,2.696412497022,476.6666666666667,2.6964124970220005
109,109,4,recov,0.06744704570791528,2.696412497022,476.6666666666667,2.6964124970220005
110,110,5,recov,0.06744704570791528,2.696412497022,476.6666666666667,2.6964124970220005
111,111,3,recov,0.06744704570791528,2.696412497022,476.6666666666667,2.6964124970220005
112,112,4,recov,0.06744704570791528,2.696412497022,476.6666666666667,2.6964124970220005
113,113,5,recov,0.06744704570791528,2.696412497022,476.6666666666667,2.6964124970220005
114,114,3,recov,0.06744704570791528,2.696412497022,476.6666666666667,2.6964124970220005
115,115,4,recov,0.06744704570791528,2.696412497022,476.6666666666667,2.6964124970220005
116,116,5,recov,0.06744704570791528,2.696412497022,476.6666666666667,2.6964124970220005
117,117,3,recov,0.06744704570791528,2.696412497022,476.6666666666667,2.6964124970220005
118,118,4,recov,0.06744704570791528,2.696412497022,476.6666666666667,2.6964124970220005
119,119,5,recov,0.06744704570791528,2.696412497022,476.6666666666667,2.6964124970220005
120,120,3,recov,0.06744704570791528,2.696412497022,476.6666666666667,2.6964124970220005
121,121,4,recov,0.06744704570791528,2.696412497022,476.6666666666667,2.6964124970220005
122,122,5,recov,0.06744704570791528,2.696412497022,476.6666666666667,2.6964124970220005
123,123,3,recov,0.06744704570791528,2.696412497022,476.6666666666667,2.6964124970220005
124,124,4,recov,0.06744704570791528,2.696412497022,476.6666666666667,2.6964124970220005
125,125,5,recov,0.06744704570791528,2.696412497022,476.6666666666667,2.6964124970220005
126,126,3,recov,0.06744704570791528,2.696412497022,476.6666666666667,2.6964124970220005
127,127,4,recov,0.06744704570791528,2.696412497022,476.6666666666667,2.6964124970220005
128,128,5,recov,0.06744704570791528,2.696412497022,476.6666666666667,2.6964124970220005
129,129,3,recov,0.06744704570791528,2.696412497022,476.6666666666667,2.6964124970220005
130,130,4,recov,0.06744704570791528,2.696412497022,476.6666666666667,2.6964124970220005
131,131,5,recov,0.06744704570791528,2.696412497022,476.6666666666667,2.6964124970220005
132,132,3,recov,0.06744704570791528,2.696412497022,476.6666666666667,2.6964124970220005
133,133,4,recov,0.06744704570791528,2.696412497022,476.6666666666667,2.6964124970220005
134,134,5,recov,0.06744704570791528,2.696412497022,476.6666666666667,2.6964124970220005
135,135,3,recov,0.06744704570791528,2.696412497022,476.6666666666667,2.6964124970220005
136,136,4,recov,0.06744704570791528,2.696412497022,476.6666666666667,2.6964124970220005
137,137,5,recov,0.06744704570791528,2.696412497022,476.6666666666667,2.6964124970220005
138,138,3,recov,0.06744704570791528,2.696412497022,476.6666666666667,2.6964124970220005
139,139,4,recov,0.06744704570791528,2.696412497022,476.6666666666667,2.6964124970220005
140,140,5,recov,0.06744704570791528,2.696412497022,476.6666666666667,2.6964124970220005
141,141,3,recov,0.06744704570791528,2.696412497022,476.6666666666667,2.6964124970220005
142,142,4,recov,0.06744704570791528,2.696412497022,476.6666666666667,2.6964124970220005
143,143,5,recov,0.06744704570791528,2.696412497022,476.6666666666667,2.6964124970220005
144,144,3,recov,0.06744704570791528,2.696412497022,476.6666666666667,2.6964124970220005
145,145,4,recov,0.06744704570791528,2.696412497022,476.6666666666667,2.6964124970220005
146,146,5,recov,0.06744704570791528,2.696412497022,476.6666666666667,2.6964124970220005
147,147,3,recov,0.06744704570791528,2.696412497022,476.6666666666667,2.6964124970220005
148,148,4,recov,0.06744704570791528,2.696412497022,476.6666666666667,2.6964124970220005
149,149,5,recov,0.06744704570791528,2.696412497022,476.6666666666667,2.6964124970220005
150,150,3,recov,0.06744704570791528,2.696412497022,476.6666666666667,2.6964124970220005
151,151,4,recov,0.06744704570791528,2.696412497022,476.6666666666667,2.6964124970220005
152,152,5,recov,0.06744704570791528,2.696412497022,476.6666666666667,2.6964124970220005
153,153,3,recov,0.06744704570791528,2.696412497022,476.6666666666667,2.6964124970220005
154,154,4,recov,0.06744704570791528,2.696412497022,476.6666666666667,2.6964124970220005
155,155,5,recov,0.06744704570791528,2.696412497022,476.6666666666667,2.6964124970220005
156,156,3,recov,0.06744704570791528,2.696412497022,476.6666666666667,2.6964124970220005
157,157,4,recov,0.06744704570791528,2.696412497022,476.6666666666667,2.6964124970220005
158,158,5,recov,0.06744704570791528,2.696412497022,476.6666666666667,2.6964124970220005
159,159,3,recov,0.06744704570791528,2.696412497022,476.6666666666667,2.6964124970220005
160,160,4,recov,0.06744704570791528,2.696412497022,476.6666666666667,2.6964124970220005
161,161,5,recov,0.06744704570791528,2.696412497022,476.6666666666667,2.6964124970220005
162,162,3,recov,0.06744704570791528,2.696412497022,476.6666666666667,2.6964124970220005
163,163,4,recov,0.06744704570791528,2.696412497022,476.6666666666667,2.6964124970220005
164,164,5,recov,0.06744704570791528,2.696412497022,476.6666666666667,2.6964124970220005
165,165,3,recov,0.06744704570791528,2.696412497022,476.6666666666667,2.6964124970220005
166,166,4,recov,0.06744704570791528,2.696412497022,476.6666666666667,2.6964124970220005
167,167,5,recov,0.06744704570791528,2.696412497022,476.6666666666667,2.6964124970220005
168,168,3,recov,0.06744704570791528,2.696412497022,476.6666666666667,2.6964124970220005
169,169,4,recov,0.06744704570791528,2.696412497022,476.6666666666667,2.6964124970220005
170,170,5,recov,0.06744704570791528,2.696412497022,476.6666666666667,2.6964124970220005
171,171,3,recov,0.06744704570791528,2.696412497022,476.6666666666667,2.6964124970220005
172,172,4,recov,0.06744704570791528,2.696412497022,476.6666666666667,2.6964124970220005
173,173,5,recov,0.06744704570791528,2.696412497022,476.6666666666667,2.6964124970220005
174,174,3,recov,0.06744704570791528,2.696412497022,476.6666666666667,2.6964124970220005
175,175,4,recov,0.06744704570791528,2.696412497022,476.6666666666667,2.6964124970220005
176,176,5,recov,0.06744704570791528,2.696412497022,476.6666666666667,2.6964124970220005
177,177,3,recov,0.06744704570791528,2.696412497022,476.6666666666667,2.6964124970220005
178,178,4,recov,0.06744704570791528,2.696412497022,476.6666666666667,2.6964124970220005
179,179,5,recov,0.06744704570791528,2.696412497022,476.6666666666667,2.6964124970220005
180,180,3,recov,0.06744704570791528,2.696412497022,476.6666666666667,2.6964124970220005
181,181,4,recov,0.06744704570791528,2.696412497022,476.6666666666667,2.6964124970220005
182,182,5,recov,0.06744704570791528,2.696412497022,476.6666666666667,2.6964124970220005
183,183,3,recov,0.06744704570791528,2.696412497022,476.6666666666667,2.6964124970220005
184,184,4,recov,0.06744704570791528,2.696412497022,476.6666666666667,2.6964124970220005
185,185,5,recov,0.06744704570791528,2.696412497022,476.6666666666667,2.6964124970220005
186,186,3,recov,0.06744704570791528,2.696412497022,476.6666666666667,2.6964124970220005
187,187,4,recov,0.06744704570791528,2.696412497022,476.6666666666667,2.6964124970220005
188,188,5,recov,0.06744704570791528,2.696412497022,476.6666666666667,2.6964124970220005
189,189,3,recov,0.06744704570791528,2.696412497022,476.6666666666667,2.6964124970220005
190,190,4,recov,0.06744704570791528,2.696412497022,476.6666666666667,2.6964124970220005
191,191,5,recov,0.06744704570791528,2.696412497022,476.6666666666667,2.6964124970220005
192,192,3,recov,0.06744704570791528,2.696412497022,476.6666666666667,2.6964124970220005
193,193,4,recov,0.06744704570791528,2.696412497022,476.6666666666667,2.6964124970220005
194,194,5,recov,0.06744704570791528,2.696412497022,476.6666666666667,2.6964124970220005
195,195,3,recov,0.06744704570791528,2.696412497022,476.6666666666667,2.6964124970220005
196,196,4,recov,0.06744704570791528,2.696412497022,476.6666666666667,2.6964124970220005
197,197,5,recov,0.06744704570791528,2.696412497022,476.6666666666667,2.6964124970220005
198,198,3,recov,0.06744704570791528,2.696412497022,476.6666666666667,2.6964124970220005
199,199,4,recov,0.06744704570791528,2.696412497022,476.6666666666667,2.6964124970220005
200,200,5,recov,0.06744704570791528,2.696412497022,476.6666666666667,2.6964124970220005
201,201,3,recov,0.06744704570791528,2.696412497022,476.6666666666667,2.6964124970220005
202,202,4,recov,0.06744704570791528,2.696412497022,476.6666666666667,2.6964124970220005
203,203,5,recov,0.06744704570791528,2.696412497022,476.6666666666667,2.6964124970220005
204,204,3,recov,0.06744704570791528,2.696412497022,476.6666666666667,2.6964124970220005
205,205,4,recov,0.06744704570791528,2.696412497022,476.6666666666667,2.6964124970220005
206,206,5,recov,0.06744704570791528,2.696412497022,476.6666666666667,2.6964124970220005
207,207,3,recov,0.06744704570791528,2.696412497022,476.6666666666667,2.6964124970220005
208,208,4,recov,0.06744704570791528,2.696412497022,476.6666666666667,2.6964124970220005
209,209,5,recov,0.06744704570791528,2.696412497022,476.6666666666667,2.6964124970220005
210,210,3,recov,0.06744704570791528,2.696412497022,476.6666666666667,2.6964124970220005
211,211,4,recov,0.06744704570791528,2.696412497022,476.6666666666667,2.6964124970220005
212,212,5,recov,0.06744704570791528,2.696412497022,476.6666666666667,2.6964124970220005
213,213,3,recov,0.06744704570791528,2.696412497022,476.6666666666667,2.6964124970220005
214,214,4,recov,0.06744704570791528,2.696412497022,476.6666666666667,2.6964124970220005
215,215,5,recov,0.06744704570791528,2.696412497022,476.6666666666667,2.6964124970220005
216,216,3,recov,0.06744704570791528,2.696412497022,476.6666666666667,2.6964124970220005
217,217,4,recov,0.06744704570791528,2.696412497022,476.6666666666667,2.6964124970220005
218,218,5,recov,0.06744704570791528,2.696412497022,476.6666666666667,2.6964124970220005
219,219,3,recov,0.06744704570791528,2.696412497022,476.6666666666667,2.6964124970220005
220,220,4,recov,0.06744704570791528,2.696412497022,476.6666666666667,2.6964124970220005
221,221,5,recov,0.06744704570791528,2.696412497022,476.6666666666667,2.6964124970220005
222,222,3,recov,0.06744704570791528,2.696412497022,476.6666666666667,2.6964124970220005
223,223,4,recov,0.06744704570791528,2.696412497022,476.6666666666667,2.6964124970220005
224,224,5,recov,0.06744704570791528,2.696412497022,476.6666666666667,2.6964124970220005
225,225,3,recov,0.06744704570791528,2.696412497022,476.6666666666667,2.6964124970220005
226,226,4,recov,0.06744704570791528,2.696412497022,476.6666666666667,2.6964124970220005
227,227,5,recov,0.06744704570791528,2.696412497022,476.6666666666667,2.6964124970220005
228,228,3,recov,0.06744704570791528,2.696412497022,476.6666666666667,2.6964124970220005
229,229,4,recov,0.06744704570791528,2.696412497022,476.6666666666667,2.6964124970220005
230,230,5,recov,0.06744704570791528,2.696412497022,476.6666666666667,2.6964124970220005
231,231,3,recov,0.06744704570791528,2.696412497022,476.6666666666667,2.6964124970220005
232,232,4,recov,0.06744704570791528,2.696412497022,476.6666666666667,2.6964124970220005
233,233,5,recov,0.06744704570791528,2.696412497022,476.6666666666667,2.6964124970220005
234,234,3,recov,0.06744704570791528,2.696412497022,476.6666666666667,2.6964124970220005
235,235,4,recov,0.06744704570791528,2.696412497022,476.6666666666667,2.6964124970220005
236,236,5,recov,0.06744704570791528,2.696412497022,476.6666666666667,2.6964124970220005
237,237,3,recov,0.06744704570791528,2.696412497022,476.6666666666667,2.6964124970220005
238,238,4,recov,0.06744704570791528,2.696412497022,476.6666666666667,2.6964124970220005
239,239,5,recov,0.06744704570791528,2.696412497022,476.6666666666667,2.6964124970220005
240,240,3,recov,0.06744704570791528,2.696412497022,476.6666666666667,2.6964124970220005
241,241,4,recov,0.06744704570791528,2.696412497022,476.6666666666667,2.6964124970220005
242,242,5,recov,0.06744704570791528,2.696412497022,476.6666666666667,2.6964124970220005
243,243,3,recov,0.06744704570791528,2.696412497022,476.6666666666667,2.6964124970220005
244,244,4,recov,0.06744704570791528,2.696412497022,476.6666666666667,2.6964124970220005
245,245,5,recov,0.06744704570791528,2.696412497022,476.6666666666667,2.6964124970220005
246,246,3,recov,0.06744704570791528,2.696412497022,476.6666666666667,2.6964124970220005
247,247,4,recov,0.06744704570791528,2.696412497022,476.6666666666667,2.6964124970220005
248,248,5,recov,0.06744704570791528,2.696412497022,476.6666666666667,2.6964124970220005
249,249,3,recov,0.06744704570791528,2.696412497022,476.6666666666667,2.6964124970220005
250,250,4,recov,0.06744704570791528,2.696412497022,476.6666666666667,2.6964124970220005
251,251,5,recov,0.06744704570791528,2.696412497022,476.6666666666667,2.6964124970220005
252,252,3,recov,0.06744704570791528,2.696412497022,476.6666666666667,2.6964124970220005
253,253,4,recov,0.06744704570791528,2.696412497022,476.6666666666667,2.6964124970220005
254,254,5,recov,0.06744704570791528,2.696412497022,476.6666666666667,2.6964124970220005
255,255,3,recov,0.06744704570791528,2.696412497022,476.6666666666667,2.6964124970220005
256,256,4,recov,0.06744704570791528,2.696412497022,476.6666666666667,2.6964124970220005
257,257,5,recov,0.06744704570791528,2.696412497022,476.6666666666667,2.6964124970220005
258,258,3,recov,0.06744704570791528,2.696412497022,476.6666666666667,2.6964124970220005
259,259,4,recov,0.06744704570791528,2.696412497022,476.6666666666667,2.6964124970220005
260,260,5,recov,0.06744704570791528,2.696412497022,476.6666666666667,2.6964124970220005
261,261,3,recov,0.06744704570791528,2.696412497022,476.6666666666667,2.6964124970220005
262,262,4,recov,0.06744704570791528,2.696412497022,476.6666666666667,2.6964124970220005
263,263,5,recov,0.06744704570791528,2.696412497022,476.6666666666667,2.6964124970220005
264,264,3,recov,0.06744704570791528,2.696412497022,476.6666666666667,2.6964124970220005
265,265,4,recov,0.06744704570791528,2.696412497022,476.6666666666667,2.6964124970220005
266,266,5,recov,0.06744704570791528,2.696412497022,476.6666666666667,2.6964124970220005
267,267,3,recov,0.06744704570791528,2.696412497022,476.6666666666667,2.6964124970220005
268,268,4,recov,0.06744704570791528,2.696412497022,476.6666666666667,2.6964124970220005
269,269,5,recov,0.06744704570791528,2.696412497022,476.6666666666667,2.6964124970220005
270,270,3,recov,0.06744704570791528,2.696412497022,476.6666666666667,2.6964124970220005
271,271,4,recov,0.06744704570791528,2.696412497022,476.6666666666667,2.6964124970220005
272,272,5,recov,0.06744704570791528,2.696412497022,476.6666666666667,2.6964124970220005
273,273,3,recov,0.06744704570791528,2.696412497022,476.6666666666667,2.6964124970220005
274,274,4,recov,0.06744704570791528,2.696412497022,476.6666666666667,2.6964124970220005
275,275,5,recov,0.06744704570791528,2.696412497022,476.6666666666667,2.6964124970220005
276,276,3,recov,0.06744704570791528,2.696412497022,476.6666666666667,2.6964124970220005
277,277,4,recov,0.06744704570791528,2.696412497022,476.6666666666667,2.6964124970220005
278,278,5,recov,0.06744704570791528,2.696412497022,476.6666666666667,2.6964124970220005
279,279,3,recov,0.06744704570791528,2.696412497022,476.6666666666667,2.6964124970220005
280,280,4,recov,0.06744704570791528,2.696412497022,476.6666666666667,2.6964124970220005
281,281,5,recov,0.06744704570791528,2.696412497022,476.6666666666667,2.6964124970220005
282,282,3,recov,0.06744704570791528,2.696412497022,476.6666666666667,2.6964124970220005
283,283,4,recov,0.06744704570791528,2.696412497022,476.6666666666667,2.6964124970220005
284,284,5,recov,0.06744704570791528,2.696412497022,476.6666666666667,2.6964124970220005
285,285,3,recov,0.06744704570791528,2.696412497022,476.6666666666667,2.6964124970220005
286,286,4,recov,0.06744704570791528,2.696412497022,476.6666666666667,2.6964124970220005
287,287,5,recov,0.06744704570791528,2.696412497022,476.6666666666667,2.6964124970220005
288,288,3,recov,0.06744704570791528,2.696412497022,476.6666666666667,2.6964124970220005
289,289,4,recov,0.06744704570791528,2.696412497022,476.6666666666667,2.6964124970220005
290,290,5,recov,0.06744704570791528,2.696412497022,476.6666666666667,2.6964124970220005
291,291,3,recov,0.06744704570791528,2.696412497022,476.6666666666667,2.6964124970220005
292,292,4,recov,0.06744704570791528,2.696412497022,476.6666666666667,2.6964124970220005
293,293,5,recov,0.06744704570791528,2.696412497022,476.6666666666667,2.6964124970220005
294,294,3,recov,0.06744704570791528,2.696412497022,476.6666666666667,2.6964124970220005
295,295,4,recov,0.06744704570791528,2.696412497022,476.6666666666667,2.6964124970220005
296,296,5,recov,0.06744704570791528,2.696412497022,476.6666666666667,2.6964124970220005
297,297,3,recov,0.06744704570791528,2.696412497022,476.6666666666667,2.6964124970220005
298,298,4,recov,0.06744704570791528,2.696412497022,476.6666666666667,2.6964124970220005
299,299,5,recov,0.06744704570791528,2.696412497022,476.6666666666667,2.6964124970220005
300,300,3,recov,0.06744704570791528,2.696412497022,476.6666666666667,2.6964124970220005
301,301,4,recov,0.06744704570791528,2.696412497022,476.6666666666667,2.6964124970220005
302,302,5,recov,0.06744704570791528,2.696412497022,476.6666666666667,2.6964124970220005
303,303,3,recov,0.06744704570791528,2.696412497022,476.6666666666667,2.6964124970220005
304,304,4,recov,0.06744704570791528,2.696412497022,476.6666666666667,2.6964124970220005
305,305,5,recov,0.06744704570791528,2.696412497022,476.6666666666667,2.6964124970220005
306,306,3,recov,0.06744704570791528,2.696412497022,476.6666666666667,2.6964124970220005
307,307,4,recov,0.06744704570791528,2.696412497022,476.6666666666667,2.6964124970220005
308,308,5,recov,0.06744704570791528,2.696412497022,476.6666666666667,2.6964124970220005
309,309,3,recov,0.06744704570791528,2.696412497022,476.6666666666667,2.6964124970220005
310,310,4,recov,0.06744704570791528,2.696412497022,476.6666666666667,2.6964124970220005
311,311,5,recov,0.06744704570791528,2.696412497022,476.6666666666667,2.6964124970220005
312,312,3,recov,0.06744704570791528,2.696412497022,476.6666666666667,2.6964124970220005
313,313,4,recov,0.06744704570791528,2.696412497022,476.6666666666667,2.6964124970220005
314,314,5,recov,0.06744704570791528,2.696412497022,476.6666666666667,2.6964124970220005
315,315,3,recov,0.06744704570791528,2.696412497022,476.6666666666667,2.6964124970220005
316,316,4,recov,0.06744704570791528,2.696412497022,476.6666666666667,2.6964124970220005
317,317,5,recov,0.06744704570791528,2.696412497022,476.6666666666667,2.6964124970220005
318,318,3,recov,0.06744704570791528,2.696412497022,476.6666666666667,2.6964124970220005
319,319,4,recov,0.06744704570791528,2.696412497022,476.6666666666667,2.6964124970220005
320,320,5,recov,0.06744704570791528,2.696412497022,476.6666666666667,2.6964124970220005
321,321,3,recov,0.06744704570791528,2.696412497022,476.6666666666667,2.6964124970220005
322,322,4,recov,0.06744704570791528,2.696412497022,476.6666666666667,2.6964124970220005
323,323,5,recov,0.06744704570791528,2.696412497022,476.6666666666667,2.6964124970220005
324,324,3,recov,0.06744704570791528,2.696412497022,476.6666666666667,2.6964124970220005
325,325,4,recov,0.06744704570791528,2.696412497022,476.6666666666667,2.6964124970220005
326,326,5,recov,0.06744704570791528,2.696412497022,476.6666666666667,2.6964124970220005
327,327,3,recov,0.06744704570791528,2.696412497022,476.6666666666667,2.6964124970220005
328,328,4,recov,0.06744704570791528,2.696412497022,476.6666666666667,2.6964124970220005
329,329,5,recov,0.06744704570791528,2.696412497022,476.6666666666667,2.6964124970220005
330,330,3,recov,0.06744704570791528,2.696412497022,476.6666666666667,2.6964124970220005
331,331,4,recov,0.06744704570791528,2.696412497022,476.6666666666667,2.6964124970220005
332,332,5,recov,0.06744704570791528,2.696412497022,476.6666666666667,2.6964124970220005
333,333,3,recov,0.06744704570791528,2.696412497022,476.6666666666667,2.6964124970220005
334,334,4,recov,0.06744704570791528,2.696412497022,476.6666666666667,2.6964124970220005
335,335,5,recov,0.06744704570791528,2.696412497022,476.6666666666667,2.6964124970220005
336,336,3,recov,0.06744704570791528,2.696412497022,476.6666666666667,2.6964124970220005
337,337,4,recov,0.06744704570791528,2.696412497022,476.6666666666667,2.6964124970220005
338,338,5,recov,0.06744704570791528,2.696412497022,476.6666666666667,2.6964124970220005
339,339,3,recov,0.06744704570791528,2.696412497022,476.6666666666667,2.6964124970220005
340,340,4,recov,0.06744704570791528,2.696412497022,476.6666666666667,2.6964124970220005
341,341,5,recov,0.06744704570791528,2.696412497022,476.6666666666667,2.6964124970220005
342,342,3,recov,0.06744704570791528,2.696412497022,476.6666666666667,2.6964124970220005
343,343,4,recov,0.06744704570791528,2.696412497022,476.6666666666667,2.6964124970220005
344,344,5,recov,0.06744704570791528,2.696412497022,476.6666666666667,2.6964124970220005
345,345,3,recov,0.06744704570791528,2.696412497022,476.6666666666667,2.6964124970220005
346,346,4,recov,0.06744704570791528,2.696412497022,476.6666666666667,2.6964124970220005
347,347,5,recov,0.06744704570791528,2.696412497022,476.6666666666667,2.6964124970220005
348,348,3,recov,0.06744704570791528,2.696412497022,476.6666666666667,2.6964124970220005
349,349,4,recov,0.06744704570791528,2.696412497022,476.6666666666667,2.6964124970220005
350,350,5,recov,0.06744704570791528,2.696412497022,476.6666666666667,2.6964124970220005
351,351,3,recov,0.06744704570791528,2.696412497022,476.6666666666667,2.6964124970220005
352,352,4,recov,0.06744704570791528,2.696412497022,476.6666666666667,2.6964124970220005
353,353,5,recov,0.06744704570791528,2.696412497022,476.6666666666667,2.6964124970220005
354,354,3,recov,0.06744704570791528,2.696412497022,476.6666666666667,2.6964124970220005
355,355,4,recov,0.06744704570791528,2.696412497022,476.6666666666667,2.6964124970220005
356,356,5,recov,0.06744704570791528,2.696412497022,476.6666666666667,2.6964124970220005
357,357,3,recov,0.06744704570791528,2.696412497022,476.6666666666667,2.6964124970220005
358,358,4,recov,0.06744704570791528,2.696412497022,476.6666666666667,2.6964124970220005
359,359,5,recov,0.06744704570791528,2.696412497022,476.6666666666667,2.6964124970220005
360,360,3,recov,0.06744704570791528,2.696412497022,476.6666666666667,2.6964124970220005
361,361,4,recov,0.06744704570791528,2.696412497022,476.6666666666667,2.6964124970220005
362,362,5,recov,0.06744704570791528,2.696412497022,476.6666666666667,2.6964124970220005
363,363,3,recov,0.06744704570791528,2.696412497022,476.6666666666667,2.6964124970220005
364,364,4,recov,0.06744704570791528,2.696412497022,476.6666666666667,2.6964124970220005
365,365,5,recov,0.06744704570791528,2.696412497022,476.6666666666667,2.6964124970220005
366,366,3,recov,0.06744704570791528,2.696412497022,476.6666666666667,2.6964124970220005
367,367,4,recov,0.06744704570791528,2.696412497022,476.6666666666667,2.6964124970220005
368,368,5,recov,0.06744704570791528,2.696412497022,476.6666666666667,2.6964124970220005
369,369,3,recov,0.06744704570791528,2.696412497022,476.6666666666667,2.6964124970220005
370,370,4,recov,0.06744704570791528,2.696412497022,476.6666666666667,2.6964124970220005
371,371,5,recov,0.06744704570791528,2.696412497022,476.6666666666667,2.6964124970220005
372,372,3,recov,0.06744704570791528,2.696412497022,476.6666666666667,2.6964124970220005
373,373,4,recov,0.06744704570791528,2.696412497022,476.6666666666667,2.6964124970220005
374,374,5,recov,0.06744704570791528,2.696412497022,476.6666666666667,2.6964124970220005
375,375,3,recov,0.06744704570791528,2.696412497022,476.6666666666667,2.6964124970220005
376,376,4,recov,0.06744704570791528,2.696412497022,476.6666666666667,2.6964124970220005
377,377,5,recov,0.06744704570791528,2.696412497022,476.6666666666667,2.6964124970220005
378,378,3,recov,0.06744704570791528,2.696412497022,476.6666666666667,2.6964124970220005
379,379,4,recov,0.06744704570791528,2.696412497022,476.6666666666667,2.6964124970220005
380,380,5,recov,0.06744704570791528,2.696412497022,476.6666666666667,2.6964124970220005
381,381,3,recov,0.06744704570791528,2.696412497022,476.6666666666667,2.6964124970220005
382,382,4,recov,0.06744704570791528,2.696412497022,476.6666666666667,2.6964124970220005
383,383,5,recov,0.06744704570791528,2.696412497022,476.6666666666667,2.6964124970220005
384,384,3,recov,0.06744704570791528,2.696412497022,476.6666666666667,2.6964124970220005
385,385,4,recov,0.06744704570791528,2.696412497022,476.6666666666667,2.6964124970220005
386,386,5,recov,0.06744704570791528,2.696412497022,476.6666666666667,2.6964124970220005
387,387,3,recov,0.06744704570791528,2.696412497022,476.6666666666667,2.6964124970220005
388,388,4,recov,0.06744704570791528,2.696412497022,476.6666666666667,2.6964124970220005
389,389,5,recov,0.06744704570791528,2.696412497022,476.6666666666667,2.6964124970220005
390,390,3,recov,0.06744704570791528,2.696412497022,476.6666666666667,2.6964124970220005
391,391,4,recov,0.06744704570791528,2.696412497022,476.6666666666667,2.6964124970220005
392,392,5,recov,0.06744704570791528,2.696412497022,476.6666666666667,2.6964124970220005
393,393,3,recov,0.06744704570791528,2.696412497022,476.6666666666667,2.6964124970220005
394,394,4,recov,0.06744704570791528,2.696412497022,476.6666666666667,2.6964124970220005
395,395,5,recov,0.06744704570791528,2.696412497022,476.6666666666667,2.6964124970220005
396,396,3,recov,0.06744704570791528,2.696412497022,476.6666666666667,2.6964124970220005
397,397,4,recov,0.06744704570791528,2.696412497022,476.6666666666667,2.6964124970220005
398,398,5,recov,0.06744704570791528,2.696412497022,476.6666666666667,2.6964124970220005
399,399,3,recov,0.06744704570791528,2.696412497022,476.6666666666667,2.6964124970220005
400,400,4,recov,0.06744704570791528,2.696412497022,476.6666666666667,2.6964124970220005
401,401,5,recov,0.06744704570791528,2.696412497022,476.6666666666667,2.6964124970220005
402,402,3,recov,0.06744704570791528,2.696412497022,476.6666666666667,2.6964124970220005
403,403,4,recov,0.06744704570791528,2.696412497022,476.6666666666667,2.6964124970220005
404,404,5,recov,0.06744704570791528,2.696412497022,476.6666666666667,2.6964124970220005
405,405,3,recov,0.06744704570791528,2.696412497022,476.6666666666667,2.6964124970220005
406,406,4,recov,0.06744704570791528,2.696412497022,476.6666666666667,2.6964124970220005
407,407,5,recov,0.06744704570791528,2.696412497022,476.6666666666667,2.6964124970220005
408,408,3,recov,0.06744704570791528,2.696412497022,476.6666666666667,2.6964124970220005
409,409,4,recov,0.06744704570791528,2.696412497022,476.6666666666667,2.6964124970220005
410,410,5,recov,0.06744704570791528,2.696412497022,476.6666666666667,2.6964124970220005
411,411,3,recov,0.06744704570791528,2.696412497022,476.6666666666667,2.6964124970220005
412,412,4,recov,0.06744704570791528,2.696412497022,476.6666666666667,2.6964124970220005
413,413,5,recov,0.06744704570791528,2.696412497022,476.6666666666667,2.6964124970220005
414,414,3,recov,0.06744704570791528,2.696412497022,476.6666666666667,2.6964124970220005
415,415,4,recov,0.06744704570791528,2.696412497022,476.6666666666667,2.6964124970220005
416,416,5,recov,0.06744704570791528,2.696412497022,476.6666666666667,2.6964124970220005
417,417,3,recov,0.06744704570791528,2.696412497022,476.6666666666667,2.6964124970220005
418,418,4,recov,0.06744704570791528,2.696412497022,476.6666666666667,2.6964124970220005
419,419,5,recov,0.06744704570791528,2.696412497022,476.6666666666667,2.6964124970220005
420,420,3,recov,0.06744704570791528,2.696412497022,476.6666666666667,2.6964124970220005
421,421,4,recov,0.06744704570791528,2.696412497022,476.6666666666667,2.6964124970220005
422,422,5,recov,0.06744704570791528,2.696412497022,476.6666666666667,2.6964124970220005
423,423,3,recov,0.06744704570791528,2.696412497022,476.6666666666667,2.6964124970220005
424,424,4,recov,0.06744704570791528,2.696412497022,476.6666666666667,2.6964124970220005
425,425,5,recov,0.06744704570791528,2.696412497022,476.6666666666667,2.6964124970220005
426,426,3,recov,0.06744704570791528,2.696412497022,476.6666666666667,2.6964124970220005
427,427,4,recov,0.06744704570791528,2.696412497022,476.6666666666667,2.6964124970220005
428,428,5,recov,0.06744704570791528,2.696412497022,476.6666666666667,2.6964124970220005
429,429,3,recov,0.06744704570791528,2.696412497022,476.6666666666667,2.6964124970220005
430,430,4,recov,0.06744704570791528,2.696412497022,476.6666666666667,2.6964124970220005
431,431,5,recov,0.06744704570791528,2.696412497022,476.6666666666667,2.6964124970220005
432,432,3,recov,0.06744704570791528,2.696412497022,476.6666666666667,2.6964124970220005
433,433,4,recov,0.06744704570791528,2.696412497022,476.6666666666667,2.6964124970220005
434,434,5,recov,0.06744704570791528,2.696412497022,476.6666666666667,2.6964124970220005
435,435,3,recov,0.06744704570791528,2.696412497022,476.6666666666667,2.6964124970220005
436,436,4,recov,0.06744704570791528,2.696412497022,476.6666666666667,2.6964124970220005
437,437,5,recov,0.06744704570791528,2.696412497022,476.6666666666667,2.6964124970220005
438,438,3,recov,0.06744704570791528,2.696412497022,476.6666666666667,2.6964124970220005
439,439,4,recov,0.06744704570791528,2.696412497022,476.6666666666667,2.6964124970220005
440,440,5,recov,0.06744704570791528,2.696412497022,476.6666666666667,2.6964124970220005
441,441,3,recov,0.06744704570791528,2.696412497022,476.6666666666667,2.6964124970220005
442,442,4,recov,0.06744704570791528,2.696412497022,476.6666666666667,2.6964124970220005
443,443,5,recov,0.06744704570791528,2.696412497022,476.6666666666667,2.6964124970220005
444,444,3,recov,0.06744704570791528,2.696412497022,476.6666666666667,2.6964124970220005
445,445,4,recov,0.06744704570791528,2.696412497022,476.6666666666667,2.6964124970220005
446,446,5,recov,0.06744704570791528,2.696412497022,476.6666666666667,2.6964124970220005
447,447,3,recov,0.06744704570791528,2.696412497022,476.6666666666667,2.6964124970220005
448,448,4,recov,0.06744704570791528,2.696412497022,476.6666666666667,2.6964124970220005
449,449,5,recov,0.06744704570791528,2.696412497022,476.6666666666667,2.6964124970220005
450,450,3,recov,0.06744704570791528,2.696412497022,476.6666666666667,2.6964124970220005
451,451,4,recov,0.06744704570791528,2.696412497022,476.6666666666667,2.6964124970220005
452,452,5,recov,0.06744704570791528,2.696412497022,476.6666666666667,2.6964124970220005
453,453,3,recov,0.06744704570791528,2.696412497022,476.6666666666667,2.6964124970220005
454,454,4,recov,0.06744704570791528,2.696412497022,476.6666666666667,2.6964124970220005
455,455,5,recov,0.06744704570791528,2.696412497022,476.6666666666667,2.6964124970220005
456,456,3,recov,0.06744704570791528,2.696412497022,476.6666666666667,2.6964124970220005
457,457,4,recov,0.06744704570791528,2.696412497022,476.6666666666667,2.6964124970220005
458,458,5,recov,0.06744704570791528,2.696412497022,476.6666666666667,2.6964124970220005
459,459,3,recov,0.06744704570791528,2.696412497022,476.6666666666667,2.6964124970220005
460,460,4,recov,0.06744704570791528,2.696412497022,476.6666666666667,2.6964124970220005
461,461,5,recov,0.06744704570791528,2.696412497022,476.6666666666667,2.6964124970220005
462,462,3,recov,0.06744704570791528,2.696412497022,476.6666666666667,2.6964124970220005
463,463,4,recov,0.06744704570791528,2.696412497022,476.6666666666667,2.6964124970220005
464,464,5,recov,0.06744704570791528,2.696412497022,476.6666666666667,2.6964124970220005
465,465,3,recov,0.06744704570791528,2.696412497022,476.6666666666667,2.6964124970220005
466,466,4,recov,0.06744704570791528,2.696412497022,476.6666666666667,2.6964124970220005
467,467,5,recov,0.06744704570791528,2.696412497022,476.6666666666667,2.6964124970220005
468,468,3,recov,0.06744704570791528,2.696412497022,476.6666666666667,2.6964124970220005
469,469,4,recov,0.06744704570791528,2.696412497022,476.6666666666667,2.6964124970220005
470,470,5,recov,0.06744704570791528,2.696412497022,476.6666666666667,2.6964124970220005
471,471,3,recov,0.06744704570791528,2.696412497022,476.6666666666667,2.6964124970220005
472,472,4,recov,0.06744704570791528,2.696412497022,476.6666666666667,2.6964124970220005
473,473,5,recov,0.06744704570791528,2.696412497022,476.6666666666667,2.6964124970220005
474,474,3,recov,0.06744704570791528,2.696412497022,476.6666666666667,2.6964124970220005
475,475,4,recov,0.06744704570791528,2.696412497022,476.6666666666667,2.6964124970220005
476,476,5,recov,0.06744704570791528,2.696412497022,476.6666666666667,2.6964124970220005
477,477,3,recov,0.06744704570791528,2.696412497022,476.6666666666667,2.6964124970220005
478,478,4,recov,0.06744704570791528,2.696412497022,476.6666666666667,2.6964124970220005
479,479,5,recov,0.06744704570791528,2.696412497022,476.6666666666667,2.6964124970220005
480,480,3,recov,0.06744704570791528,2.696412497022,476.6666666666667,2.6964124970220005
481,481,4,recov,0.06744704570791528,2.696412497022,476.6666666666667,2.6964124970220005
482,482,5,recov,0.06744704570791528,2.696412497022,476.6666666666667,2.6964124970220005
483,483,3,recov,0.06744704570791528,2.696412497022,476.6666666666667,2.6964124970220005
484,484,4,recov,0.06744704570791528,2.696412497022,476.6666666666667,2.6964124970220005
485,485,5,recov,0.06744704570791528,2.696412497022,476.6666666666667,2.6964124970220005
486,486,3,recov,0.06744704570791528,2.696412497022,476.6666666666667,2.6964124970220005
487,487,4,recov,0.06744704570791528,2.696412497022,476.6666666666667,2.6964124970220005
488,488,5,recov,0.06744704570791528,2.696412497022,476.6666666666667,2.6964124970220005
489,489,3,recov,0.06744704570791528,2.696412497022,476.6666666666667,2.6964124970220005
490,490,4,recov,0.06744704570791528,2.696412497022,476.6666666666667,2.6964124970220005
491,491,5,recov,0.06744704570791528,2.696412497022,476.6666666666667,2.6964124970220005
492,492,3,recov,0.06744704570791528,2.696412497022,476.6666666666667,2.6964124970220005
493,493,4,recov,0.06744704570791528,2.696412497022,476.6666666666667,2.6964124970220005
494,494,5,recov,0.06744704570791528,2.696412497022,476.6666666666667,2.6964124970220005
495,495,3,recov,0.06744704570791528,2.696412497022,476.6666666666667,2.6964124970220005
496,496,4,recov,0.06744704570791528,2.696412497022,476.6666666666667,2.6964124970220005
497,497,5,recov,0.06744704570791528,2.696412497022,476.6666666666667,2.6964124970220005
498,498,3,recov,0.06744704570791528,2.696412497022,476.6666666666667,2.6964124970220005
499,499,4,recov,0.06744704570791528,2.696412497022,476.6666666666667,2.6964124970220005
500,500,5,recov,0.06744704570791528,2.696412497022,476.6666666666667,2.6964124970220005
501,501,3,recov,0.06744704570791528,2.696412497022,476.6666666666667,2.6964124970220005
502,502,4,recov,0.06744704570791528,2.696412497022,476.6666666666667,2.6964124970220005
503,503,5,recov,0.06744704570791528,2.696412497022,476.6666666666667,2.6964124970220005
504,504,3,recov,0.06744704570791528,2.696412497022,476.6666666666667,2.6964124970220005
505,505,4,recov,0.06744704570791528,2.696412497022,476.6666666666667,2.6964124970220005
506,506,5,recov,0.06744704570791528,2.696412497022,476.6666666666667,2.6964124970220005
507,507,3,recov,0.06744704570791528,2.696412497022,476.6666666666667,2.6964124970220005
508,508,4,recov,0.06744704570791528,2.696412497022,476.6666666666667,2.6964124970220005
509,509,5,recov,0.06744704570791528,2.696412497022,476.6666666666667,2.6964124970220005
510,510,3,recov,0.06744704570791528,2.696412497022,476.6666666666667,2.6964124970220005
511,511,4,recov,0.06744704570791528,2.696412497022,476.6666666666667,2.6964124970220005
512,512,5,recov,0.06744704570791528,2.696412497022,476.6666666666667,2.6964124970220005
513,513,3,recov,0.06744704570791528,2.696412497022,476.6666666666667,2.6964124970220005
514,514,4,recov,0.06744704570791528,2.696412497022,476.6666666666667,2.6964124970220005
515,515,5,recov,0.06744704570791528,2.696412497022,476.6666666666667,2.6964124970220005
516,516,3,recov,0.06744704570791528,2.696412497022,476.6666666666667,2.6964124970220005
517,517,4,recov,0.06744704570791528,2.696412497022,476.6666666666667,2.6964124970220005
518,518,5,recov,0.06744704570791528,2.696412497022,476.6666666666667,2.6964124970220005
519,519,3,recov,0.06744704570791528,2.696412497022,476.6666666666667,2.6964124970220005
520,520,4,recov,0.06744704570791528,2.696412497022,476.6666666666667,2.6964124970220005
521,521,5,recov,0.06744704570791528,2.696412497022,476.6666666666667,2.6964124970220005
522,522,3,recov,0.06744704570791528,2.696412497022,476.6666666666667,2.6964124970220005
523,523,4,recov,0.06744704570791528,2.696412497022,476.6666666666667,2.6964124970220005
524,524,5,recov,0.06744704570791528,2.696412497022,476.6666666666667,2.6964124970220005
525,525,3,recov,0.06744704570791528,2.696412497022,476.6666666666667,2.6964124970220005
526,526,4,recov,0.06744704570791528,2.696412497022,476.6666666666667,2.6964124970220005
527,527,5,recov,0.06744704570791528,2.696412497022,476.6666666666667,2.6964124970220005
528,528,3,recov,0.06744704570791528,2.696412497022,476.6666666666667,2.6964124970220005
529,529,4,recov,0.06744704570791528,2.696412497022,476.6666666666667,2.6964124970220005
530,530,5,recov,0.06744704570791528,2.696412497022,476.6666666666667,2.6964124970220005
531,531,3,recov,0.06744704570791528,2.696412497022,476.6666666666667,2.6964124970220005
532,532,4,recov,0.06744704570791528,2.696412497022,476.6666666666667,2.6964124970220005
533,533,5,recov,0.06744704570791528,2.696412497022,476.6666666666667,2.6964124970220005
534,534,3,recov,0.06744704570791528,2.696412497022,476.6666666666667,2.6964124970220005
535,535,4,recov,0.06744704570791528,2.696412497022,476.6666666666667,2.6964124970220005
536,536,5,recov,0.06744704570791528,2.696412497022,476.6666666666667,2.6964124970220005
537,537,3,recov,0.06744704570791528,2.696412497022,476.6666666666667,2.6964124970220005
538,538,4,recov,0.06744704570791528,2.696412497022,476.6666666666667,2.6964124970220005
539,539,5,recov,0.06744704570791528,2.696412497022,476.6666666666667,2.6964124970220005
540,540,3,recov,0.06744704570791528,2.696412497022,476.6666666666667,2.6964124970220005
541,541,4,recov,0.06744704570791528,2.696412497022,476.6666666666667,2.6964124970220005
542,542,5,recov,0.06744704570791528,2.696412497022,476.6666666666667,2.6964124970220005
543,543,0,fam_r,0.06521739130434782,2.7300291078209855,476.6666666666667,2.6964124970220005
544,544,1,fam_r,0.06521739130434782,2.7300291078209855,476.6666666666667,2.6964124970220005
545,545,2,fam_r,0.06521739130434782,2.7300291078209855,476.6666666666667,2.6964124970220005
546,546,0,fam_r,0.06730434782608695,2.6985304407616146,476.6666666666667,2.6964124970220005
547,547,1,fam_r,0.06730434782608695,2.6985304407616146,476.6666666666667,2.6964124970220005
548,548,2,fam_r,0.06730434782608695,2.6985304407616146,476.6666666666667,2.6964124970220005
549,549,0,fam_r,0.06743791304347825,2.696547911148757,476.6666666666667,2.6964124970220005
550,550,1,fam_r,0.06743791304347825,2.696547911148757,476.6666666666667,2.6964124970220005
551,551,2,fam_r,0.06743791304347825,2.696547911148757,476.6666666666667,2.6964124970220005
552,552,0,fam_r,0.0674464612173913,2.6964211629769053,476.6666666666667,2.6964124970220005
553,553,1,fam_r,0.0674464612173913,2.6964211629769053,476.6666666666667,2.6964124970220005
554,554,2,fam_r,0.0674464612173913,2.6964211629769053,476.6666666666667,2.6964124970220005
555,555,0,fam_r,0.06744700830052174,2.696413051640865,476.6666666666667,2.6964124970220005
556,556,1,fam_r,0.06744700830052174,2.696413051640865,476.6666666666667,2.6964124970220005
557,557,2,fam_r,0.06744700830052174,2.696413051640865,476.6666666666667,2.6964124970220005
