,time_step,stimulus,type,familiarity,novelty,dN,steady
0,0,0,fam,0.06666666666666667,2.70805020110221,0.0,6.837236162443634
1,1,1,fam,0.0009852216748768474,6.922643891475888,0.0,6.837236162443634
2,2,2,fam,0.0009756097560975611,6.932447891572508,0.0,6.837236162443634
3,3,0,fam,0.0010730660423373334,6.83723526798503,0.0,6.837236162443634
4,4,1,fam,0.0010730649955467807,6.837236243499139,0.0,6.837236162443634
5,5,2,fam,0.0010730649850788853,6.837236253254275,0.0,6.837236162443634
6,6,0,fam,0.0010730650825255684,6.83723616244274,0.0,6.837236162443634
7,7,1,fam,0.001073065082524522,6.837236162443715,0.0,6.837236162443634
8,8,2,fam,0.0010730650825245113,6.837236162443725,0.0,6.837236162443634
9,9,0,fam,0.0010730650825246089,6.837236162443634,0.0,6.837236162443634
10,10,1,fam,0.0010730650825246089,6.837236162443634,0.0,6.837236162443634
11,11,2,fam,0.0010730650825246089,6.837236162443634,0.0,6.837236162443634
12,12,0,fam,0.0010730650825246089,6.837236162443634,0.0,6.837236162443634
13,13,1,fam,0.0010730650825246089,6.837236162443634,0.0,6.837236162443634
14,14,2,fam,0.0010730650825246089,6.837236162443634,0.0,6.837236162443634
15,15,0,fam,0.0010730650825246089,6.837236162443634,0.0,6.837236162443634
16,16,1,fam,0.0010730650825246089,6.837236162443634,0.0,6.837236162443634
17,17,2,fam,0.0010730650825246089,6.837236162443634,0.0,6.837236162443634
18,18,0,fam,0.0010730650825246089,6.837236162443634,0.0,6.837236162443634
19,19,1,fam,0.0010730650825246089,6.837236162443634,0.0,6.837236162443634
20,20,2,fam,0.0010730650825246089,6.837236162443634,0.0,6.837236162443634
21,21,0,fam,0.0010730650825246089,6.837236162443634,0.0,6.837236162443634
22,22,1,fam,0.0010730650825246089,6.837236162443634,0.0,6.837236162443634
23,23,2,fam,0.0010730650825246089,6.837236162443634,0.0,6.837236162443634
24,24,0,fam,0.0010730650825246089,6.837236162443634,0.0,6.837236162443634
25,25,1,fam,0.0010730650825246089,6.837236162443634,0.0,6.837236162443634
26,26,2,fam,0.0010730650825246089,6.837236162443634,0.0,6.837236162443634
27,27,0,fam,0.0010730650825246089,6.837236162443634,0.0,6.837236162443634
28,28,1,fam,0.0010730650825246089,6.837236162443634,0.0,6.837236162443634
29,29,2,fam,0.0010730650825246089,6.837236162443634,0.0,6.837236162443634
30,30,0,fam,0.0010730650825246089,6.837236162443634,0.0,6.837236162443634
31,31,1,fam,0.0010730650825246089,6.837236162443634,0.0,6.837236162443634
32,32,2,fam,0.0010730650825246089,6.837236162443634,0.0,6.837236162443634
33,33,0,fam,0.0010730650825246089,6.837236162443634,0.0,6.837236162443634
34,34,1,fam,0.0010730650825246089,6.837236162443634,0.0,6.837236162443634
35,35,2,fam,0.0010730650825246089,6.837236162443634,0.0,6.837236162443634
36,36,0,fam,0.0010730650825246089,6.837236162443634,0.0,6.837236162443634
37,37,1,fam,0.0010730650825246089,6.837236162443634,0.0,6.837236162443634
38,38,2,fam,0.0010730650825246089,6.837236162443634,0.0,6.837236162443634
39,39,0,fam,0.0010730650825246089,6.837236162443634,0.0,6.837236162443634
40,40,1,fam,0.0010730650825246089,6.837236162443634,0.0,6.837236162443634
41,41,2,fam,0.0010730650825246089,6.837236162443634,0.0,6.837236162443634
42,42,0,fam,0.0010730650825246089,6.837236162443634,0.0,6.837236162443634
43,43,1,fam,0.0010730650825246089,6.837236162443634,0.0,6.837236162443634
44,44,2,fam,0.0010730650825246089,6.837236162443634,0.0,6.837236162443634
45,45,0,fam,0.0010730650825246089,6.837236162443634,0.0,6.837236162443634
46,46,1,fam,0.0010730650825246089,6.837236162443634,0.0,6.837236162443634
47,47,2,fam,0.0010730650825246089,6.837236162443634,0.0,6.837236162443634
48,48,0,fam,0.0010730650825246089,6.837236162443634,0.0,6.837236162443634
49,49,1,fam,0.0010730650825246089,6.837236162443634,0.0,6.837236162443634
50,50,2,fam,0.0010730650825246089,6.837236162443634,0.0,6.837236162443634
51,51,0,fam,0.0010730650825246089,6.837236162443634,0.0,6.837236162443634
52,52,1,fam,0.0010730650825246089,6.837236162443634,0.0,6.837236162443634
53,53,2,fam,0.0010730650825246089,6.837236162443634,0.0,6.837236162443634
54,54,0,fam,0.0010730650825246089,6.837236162443634,0.0,6.837236162443634
55,55,1,fam,0.0010730650825246089,6.837236162443634,0.0,6.837236162443634
56,56,2,fam,0.0010730650825246089,6.837236162443634,0.0,6.837236162443634
57,57,0,fam,0.0010730650825246089,6.837236162443634,0.0,6.837236162443634
58,58,1,fam,0.0010730650825246089,6.837236162443634,0.0,6.837236162443634
59,59,2,fam,0.0010730650825246089,6.837236162443634,0.0,6.837236162443634
60,60,0,fam,0.0010730650825246089,6.837236162443634,0.0,6.837236162443634
61,61,1,fam,0.0010730650825246089,6.837236162443634,0.0,6.837236162443634
62,62,2,fam,0.0010730650825246089,6.837236162443634,0.0,6.837236162443634
63,63,0,fam,0.0010730650825246089,6.837236162443634,0.0,6.837236162443634
64,64,1,fam,0.0010730650825246089,6.837236162443634,0.0,6.837236162443634
65,65,2,fam,0.0010730650825246089,6.837236162443634,0.0,6.837236162443634
66,66,0,fam_r,0.0010730650825246089,6.837236162443634,0.0,6.837236162443634
67,67,1,fam_r,0.0010730650825246089,6.837236162443634,0.0,6.837236162443634
68,68,2,fam_r,0.0010730650825246089,6.837236162443634,0.0,6.837236162443634
69,69,0,fam_r,0.0010730650825246089,6.837236162443634,0.0,6.837236162443634
70,70,1,fam_r,0.0010730650825246089,6.837236162443634,0.0,6.837236162443634
71,71,2,fam_r,0.0010730650825246089,6.837236162443634,0.0,6.837236162443634
72,72,0,fam_r,0.0010730650825246089,6.837236162443634,0.0,6.837236162443634
73,73,1,fam_r,0.0010730650825246089,6.837236162443634,0.0,6.837236162443634
74,74,2,fam_r,0.0010730650825246089,6.837236162443634,0.0,6.837236162443634
75,75,0,fam_r,0.0010730650825246089,6.837236162443634,0.0,6.837236162443634
76,76,1,fam_r,0.0010730650825246089,6.837236162443634,0.0,6.837236162443634
77,77,2,fam_r,0.0010730650825246089,6.837236162443634,0.0,6.837236162443634
78,78,0,fam_r,0.0010730650825246089,6.837236162443634,0.0,6.837236162443634
79,79,1,fam_r,0.0010730650825246089,6.837236162443634,0.0,6.837236162443634
80,80,2,fam_r,0.0010730650825246089,6.837236162443634,0.0,6.837236162443634
0,0,0,fam,0.06666666666666667,2.70805020110221,73.33333333333334,6.837236162443634
1,1,1,fam,0.0009852216748768474,6.922643891475888,73.33333333333334,6.837236162443634
2,2,2,fam,0.0009756097560975611,6.932447891572508,73.33333333333334,6.837236162443634
3,3,0,fam,0.0010730660423373334,6.83723526798503,73.33333333333334,6.837236162443634
4,4,1,fam,0.0010730649955467807,6.837236243499139,73.33333333333334,6.837236162443634
5,5,2,fam,0.0010730649850788853,6.837236253254275,73.33333333333334,6.837236162443634
6,6,0,fam,0.0010730650825255684,6.83723616244274,73.33333333333334,6.837236162443634
7,7,1,fam,0.001073065082524522,6.837236162443715,73.33333333333334,6.837236162443634
8,8,2,fam,0.0010730650825245113,6.837236162443725,73.33333333333334,6.837236162443634
9,9,0,fam,0.0010730650825246089,6.837236162443634,73.33333333333334,6.837236162443634
10,10,1,fam,0.0010730650825246089,6.837236162443634,73.33333333333334,6.837236162443634
11,11,2,fam,0.0010730650825246089,6.837236162443634,73.33333333333334,6.837236162443634
12,12,0,fam,0.0010730650825246089,6.837236162443634,73.33333333333334,6.837236162443634
13,13,1,fam,0.0010730650825246089,6.837236162443634,73.33333333333334,6.837236162443634
14,14,2,fam,0.0010730650825246089,6.837236162443634,73.33333333333334,6.837236162443634
15,15,0,fam,0.0010730650825246089,6.837236162443634,73.33333333333334,6.837236162443634
16,16,1,fam,0.0010730650825246089,6.837236162443634,73.33333333333334,6.837236162443634
17,17,2,fam,0.0010730650825246089,6.837236162443634,73.33333333333334,6.837236162443634
18,18,0,fam,0.0010730650825246089,6.837236162443634,73.33333333333334,6.837236162443634
19,19,1,fam,0.0010730650825246089,6.837236162443634,73.33333333333334,6.837236162443634
20,20,2,fam,0.0010730650825246089,6.837236162443634,73.33333333333334,6.837236162443634
21,21,0,fam,0.0010730650825246089,6.837236162443634,73.33333333333334,6.837236162443634
22,22,1,fam,0.0010730650825246089,6.837236162443634,73.33333333333334,6.837236162443634
23,23,2,fam,0.0010730650825246089,6.837236162443634,73.33333333333334,6.837236162443634
24,24,0,fam,0.0010730650825246089,6.837236162443634,73.33333333333334,6.837236162443634
25,25,1,fam,0.0010730650825246089,6.837236162443634,73.33333333333334,6.837236162443634
26,26,2,fam,0.0010730650825246089,6.837236162443634,73.33333333333334,6.837236162443634
27,27,0,fam,0.0010730650825246089,6.837236162443634,73.33333333333334,6.837236162443634
28,28,1,fam,0.0010730650825246089,6.837236162443634,73.33333333333334,6.837236162443634
29,29,2,fam,0.0010730650825246089,6.837236162443634,73.33333333333334,6.837236162443634
30,30,0,fam,0.0010730650825246089,6.837236162443634,73.33333333333334,6.837236162443634
31,31,1,fam,0.0010730650825246089,6.837236162443634,73.33333333333334,6.837236162443634
32,32,2,fam,0.0010730650825246089,6.837236162443634,73.33333333333334,6.837236162443634
33,33,0,fam,0.0010730650825246089,6.837236162443634,73.33333333333334,6.837236162443634
34,34,1,fam,0.0010730650825246089,6.837236162443634,73.33333333333334,6.837236162443634
35,35,2,fam,0.0010730650825246089,6.837236162443634,73.33333333333334,6.837236162443634
36,36,0,fam,0.0010730650825246089,6.837236162443634,73.33333333333334,6.837236162443634
37,37,1,fam,0.0010730650825246089,6.837236162443634,73.33333333333334,6.837236162443634
38,38,2,fam,0.0010730650825246089,6.837236162443634,73.33333333333334,6.837236162443634
39,39,0,fam,0.0010730650825246089,6.837236162443634,73.33333333333334,6.837236162443634
40,40,1,fam,0.0010730650825246089,6.837236162443634,73.33333333333334,6.837236162443634
41,41,2,fam,0.0010730650825246089,6.837236162443634,73.33333333333334,6.837236162443634
42,42,0,fam,0.0010730650825246089,6.837236162443634,73.33333333333334,6.837236162443634
43,43,1,fam,0.0010730650825246089,6.837236162443634,73.33333333333334,6.837236162443634
44,44,2,fam,0.0010730650825246089,6.837236162443634,73.33333333333334,6.837236162443634
45,45,0,fam,0.0010730650825246089,6.837236162443634,73.33333333333334,6.837236162443634
46,46,1,fam,0.0010730650825246089,6.837236162443634,73.33333333333334,6.837236162443634
47,47,2,fam,0.0010730650825246089,6.837236162443634,73.33333333333334,6.837236162443634
48,48,0,fam,0.0010730650825246089,6.837236162443634,73.33333333333334,6.837236162443634
49,49,1,fam,0.0010730650825246089,6.837236162443634,73.33333333333334,6.837236162443634
50,50,2,fam,0.0010730650825246089,6.837236162443634,73.33333333333334,6.837236162443634
51,51,0,fam,0.0010730650825246089,6.837236162443634,73.33333333333334,6.837236162443634
52,52,1,fam,0.0010730650825246089,6.837236162443634,73.33333333333334,6.837236162443634
53,53,2,fam,0.0010730650825246089,6.837236162443634,73.33333333333334,6.837236162443634
54,54,0,fam,0.0010730650825246089,6.837236162443634,73.33333333333334,6.837236162443634
55,55,1,fam,0.0010730650825246089,6.837236162443634,73.33333333333334,6.837236162443634
56,56,2,fam,0.0010730650825246089,6.837236162443634,73.33333333333334,6.837236162443634
57,57,0,fam,0.0010730650825246089,6.837236162443634,73.33333333333334,6.837236162443634
58,58,1,fam,0.0010730650825246089,6.837236162443634,73.33333333333334,6.837236162443634
59,59,2,fam,0.0010730650825246089,6.837236162443634,73.33333333333334,6.837236162443634
60,60,0,fam,0.0010730650825246089,6.837236162443634,73.33333333333334,6.837236162443634
61,61,1,fam,0.0010730650825246089,6.837236162443634,73.33333333333334,6.837236162443634
62,62,2,fam,0.0010730650825246089,6.837236162443634,73.33333333333334,6.837236162443634
63,63,0,fam,0.0010730650825246089,6.837236162443634,73.33333333333334,6.837236162443634
64,64,1,fam,0.0010730650825246089,6.837236162443634,73.33333333333334,6.837236162443634
65,65,2,fam,0.0010730650825246089,6.837236162443634,73.33333333333334,6.837236162443634
66,66,3,recov,0.0009755136227028626,6.932546433157137,73.33333333333334,6.837236162443634
67,67,4,recov,0.0009755136227028626,6.932546433157137,73.33333333333334,6.837236162443634
68,68,5,recov,0.0009755136227028626,6.932546433157137,73.33333333333334,6.837236162443634
69,69,3,recov,0.0010730649849731491,6.8372362533528115,73.33333333333334,6.837236162443634
70,70,4,recov,0.0010730649849731491,6.8372362533528115,73.33333333333334,6.837236162443634
71,71,5,recov,0.0010730649849731491,6.8372362533528115,73.33333333333334,6.837236162443634
72,72,3,recov,0.001073065082524511,6.837236162443725,73.33333333333334,6.837236162443634
73,73,4,recov,0.001073065082524511,6.837236162443725,73.33333333333334,6.837236162443634
74,74,5,recov,0.001073065082524511,6.837236162443725,73.33333333333334,6.837236162443634
75,75,3,recov,0.0010730650825246089,6.837236162443634,73.33333333333334,6.837236162443634
76,76,4,recov,0.0010730650825246089,6.837236162443634,73.33333333333334,6.837236162443634
77,77,5,recov,0.0010730650825246089,6.837236162443634,73.33333333333334,6.837236162443634
78,78,3,recov,0.0010730650825246089,6.837236162443634,73.33333333333334,6.837236162443634
79,79,4,recov,0.0010730650825246089,6.837236162443634,73.33333333333334,6.837236162443634
80,80,5,recov,0.0010730650825246089,6.837236162443634,73.33333333333334,6.837236162443634
81,81,3,recov,0.0010730650825246089,6.837236162443634,73.33333333333334,6.837236162443634
82,82,4,recov,0.0010730650825246089,6.837236162443634,73.33333333333334,6.837236162443634
83,83,5,recov,0.0010730650825246089,6.837236162443634,73.33333333333334,6.837236162443634
84,84,3,recov,0.0010730650825246089,6.837236162443634,73.33333333333334,6.837236162443634
85,85,4,recov,0.0010730650825246089,6.837236162443634,73.33333333333334,6.837236162443634
86,86,5,recov,0.0010730650825246089,6.837236162443634,73.33333333333334,6.837236162443634
87,87,3,recov,0.0010730650825246089,6.837236162443634,73.33333333333334,6.837236162443634
88,88,4,recov,0.0010730650825246089,6.837236162443634,73.33333333333334,6.837236162443634
89,89,5,recov,0.0010730650825246089,6.837236162443634,73.33333333333334,6.837236162443634
90,90,3,recov,0.0010730650825246089,6.837236162443634,73.33333333333334,6.837236162443634
91,91,4,recov,0.0010730650825246089,6.837236162443634,73.33333333333334,6.837236162443634
92,92,5,recov,0.0010730650825246089,6.837236162443634,73.33333333333334,6.837236162443634
93,93,3,recov,0.0010730650825246089,6.837236162443634,73.33333333333334,6.837236162443634
94,94,4,recov,0.0010730650825246089,6.837236162443634,73.33333333333334,6.837236162443634
95,95,5,recov,0.0010730650825246089,6.837236162443634,73.33333333333334,6.837236162443634
96,96,3,recov,0.0010730650825246089,6.837236162443634,73.33333333333334,6.837236162443634
97,97,4,recov,0.0010730650825246089,6.837236162443634,73.33333333333334,6.837236162443634
98,98,5,recov,0.0010730650825246089,6.837236162443634,73.33333333333334,6.837236162443634
99,99,3,recov,0.0010730650825246089,6.837236162443634,73.33333333333334,6.837236162443634
100,100,4,recov,0.0010730650825246089,6.837236162443634,73.33333333333334,6.837236162443634
101,101,5,recov,0.0010730650825246089,6.837236162443634,73.33333333333334,6.837236162443634
102,102,3,recov,0.0010730650825246089,6.837236162443634,73.33333333333334,6.837236162443634
103,103,4,recov,0.0010730650825246089,6.837236162443634,73.33333333333334,6.837236162443634
104,104,5,recov,0.0010730650825246089,6.837236162443634,73.33333333333334,6.837236162443634
105,105,3,recov,0.0010730650825246089,6.837236162443634,73.33333333333334,6.837236162443634
106,106,4,recov,0.0010730650825246089,6.837236162443634,73.33333333333334,6.837236162443634
107,107,5,recov,0.0010730650825246089,6.837236162443634,73.33333333333334,6.837236162443634
108,108,3,recov,0.0010730650825246089,6.837236162443634,73.33333333333334,6.837236162443634
109,109,4,recov,0.0010730650825246089,6.837236162443634,73.33333333333334,6.837236162443634
110,110,5,recov,0.0010730650825246089,6.837236162443634,73.33333333333334,6.837236162443634
111,111,3,recov,0.0010730650825246089,6.837236162443634,73.33333333333334,6.837236162443634
112,112,4,recov,0.0010730650825246089,6.837236162443634,73.33333333333334,6.837236162443634
113,113,5,recov,0.0010730650825246089,6.837236162443634,73.33333333333334,6.837236162443634
114,114,3,recov,0.0010730650825246089,6.837236162443634,73.33333333333334,6.837236162443634
115,115,4,recov,0.0010730650825246089,6.837236162443634,73.33333333333334,6.837236162443634
116,116,5,recov,0.0010730650825246089,6.837236162443634,73.33333333333334,6.837236162443634
117,117,3,recov,0.0010730650825246089,6.837236162443634,73.33333333333334,6.837236162443634
118,118,4,recov,0.0010730650825246089,6.837236162443634,73.33333333333334,6.837236162443634
119,119,5,recov,0.0010730650825246089,6.837236162443634,73.33333333333334,6.837236162443634
120,120,3,recov,0.0010730650825246089,6.837236162443634,73.33333333333334,6.837236162443634
121,121,4,recov,0.0010730650825246089,6.837236162443634,73.33333333333334,6.837236162443634
122,122,5,recov,0.0010730650825246089,6.837236162443634,73.33333333333334,6.837236162443634
123,123,3,recov,0.0010730650825246089,6.837236162443634,73.33333333333334,6.837236162443634
124,124,4,recov,0.0010730650825246089,6.837236162443634,73.33333333333334,6.837236162443634
125,125,5,recov,0.0010730650825246089,6.837236162443634,73.33333333333334,6.837236162443634
126,126,3,recov,0.0010730650825246089,6.837236162443634,73.33333333333334,6.837236162443634
127,127,4,recov,0.0010730650825246089,6.837236162443634,73.33333333333334,6.837236162443634
128,128,5,recov,0.0010730650825246089,6.837236162443634,73.33333333333334,6.837236162443634
129,129,3,recov,0.0010730650825246089,6.837236162443634,73.33333333333334,6.837236162443634
130,130,4,recov,0.0010730650825246089,6.837236162443634,73.33333333333334,6.837236162443634
131,131,5,recov,0.0010730650825246089,6.837236162443634,73.33333333333334,6.837236162443634
132,132,3,recov,0.0010730650825246089,6.837236162443634,73.33333333333334,6.837236162443634
133,133,4,recov,0.0010730650825246089,6.837236162443634,73.33333333333334,6.837236162443634
134,134,5,recov,0.0010730650825246089,6.837236162443634,73.33333333333334,6.837236162443634
135,135,3,recov,0.0010730650825246089,6.837236162443634,73.33333333333334,6.837236162443634
136,136,4,recov,0.0010730650825246089,6.837236162443634,73.33333333333334,6.837236162443634
137,137,5,recov,0.0010730650825246089,6.837236162443634,73.33333333333334,6.837236162443634
138,138,0,fam_r,0.0009755136227028626,6.932546433157137,73.33333333333334,6.837236162443634
139,139,1,fam_r,0.0009755136227028626,6.932546433157137,73.33333333333334,6.837236162443634
140,140,2,fam_r,0.0009755136227028626,6.932546433157137,73.33333333333334,6.837236162443634
141,141,0,fam_r,0.0010730649849731491,6.8372362533528115,73.33333333333334,6.837236162443634
142,142,1,fam_r,0.0010730649849731491,6.8372362533528115,73.33333333333334,6.837236162443634
143,143,2,fam_r,0.0010730649849731491,6.8372362533528115,73.33333333333334,6.837236162443634
144,144,0,fam_r,0.001073065082524511,6.837236162443725,73.33333333333334,6.837236162443634
145,145,1,fam_r,0.001073065082524511,6.837236162443725,73.33333333333334,6.837236162443634
146,146,2,fam_r,0.001073065082524511,6.837236162443725,73.33333333333334,6.837236162443634
147,147,0,fam_r,0.0010730650825246089,6.837236162443634,73.33333333333334,6.837236162443634
148,148,1,fam_r,0.0010730650825246089,6.837236162443634,73.33333333333334,6.837236162443634
149,149,2,fam_r,0.0010730650825246089,6.837236162443634,73.33333333333334,6.837236162443634
150,150,0,fam_r,0.0010730650825246089,6.837236162443634,73.33333333333334,6.837236162443634
151,151,1,fam_r,0.0010730650825246089,6.837236162443634,73.33333333333334,6.837236162443634
152,152,2,fam_r,0.0010730650825246089,6.837236162443634,73.33333333333334,6.837236162443634
0,0,0,fam,0.06666666666666667,2.70805020110221,146.66666666666669,6.837236162443634
1,1,1,fam,0.0009852216748768474,6.922643891475888,146.66666666666669,6.837236162443634
2,2,2,fam,0.0009756097560975611,6.932447891572508,146.66666666666669,6.837236162443634
3,3,0,fam,0.0010730660423373334,6.83723526798503,146.66666666666669,6.837236162443634
4,4,1,fam,0.0010730649955467807,6.837236243499139,146.66666666666669,6.837236162443634
5,5,2,fam,0.0010730649850788853,6.837236253254275,146.66666666666669,6.837236162443634
6,6,0,fam,0.0010730650825255684,6.83723616244274,146.66666666666669,6.837236162443634
7,7,1,fam,0.001073065082524522,6.837236162443715,146.66666666666669,6.837236162443634
8,8,2,fam,0.0010730650825245113,6.837236162443725,146.66666666666669,6.837236162443634
9,9,0,fam,0.0010730650825246089,6.837236162443634,146.66666666666669,6.837236162443634
10,10,1,fam,0.0010730650825246089,6.837236162443634,146.66666666666669,6.837236162443634
11,11,2,fam,0.0010730650825246089,6.837236162443634,146.66666666666669,6.837236162443634
12,12,0,fam,0.0010730650825246089,6.837236162443634,146.66666666666669,6.837236162443634
13,13,1,fam,0.0010730650825246089,6.837236162443634,146.66666666666669,6.837236162443634
14,14,2,fam,0.0010730650825246089,6.837236162443634,146.66666666666669,6.837236162443634
15,15,0,fam,0.0010730650825246089,6.837236162443634,146.66666666666669,6.837236162443634
16,16,1,fam,0.0010730650825246089,6.837236162443634,146.66666666666669,6.837236162443634
17,17,2,fam,0.0010730650825246089,6.837236162443634,146.66666666666669,6.837236162443634
18,18,0,fam,0.0010730650825246089,6.837236162443634,146.66666666666669,6.837236162443634
19,19,1,fam,0.0010730650825246089,6.837236162443634,146.66666666666669,6.837236162443634
20,20,2,fam,0.0010730650825246089,6.837236162443634,146.66666666666669,6.837236162443634
21,21,0,fam,0.0010730650825246089,6.837236162443634,146.66666666666669,6.837236162443634
22,22,1,fam,0.0010730650825246089,6.837236162443634,146.66666666666669,6.837236162443634
23,23,2,fam,0.0010730650825246089,6.837236162443634,146.66666666666669,6.837236162443634
24,24,0,fam,0.0010730650825246089,6.837236162443634,146.66666666666669,6.837236162443634
25,25,1,fam,0.0010730650825246089,6.837236162443634,146.66666666666669,6.837236162443634
26,26,2,fam,0.0010730650825246089,6.837236162443634,146.66666666666669,6.837236162443634
27,27,0,fam,0.0010730650825246089,6.837236162443634,146.66666666666669,6.837236162443634
28,28,1,fam,0.0010730650825246089,6.837236162443634,146.66666666666669,6.837236162443634
29,29,2,fam,0.0010730650825246089,6.837236162443634,146.66666666666669,6.837236162443634
30,30,0,fam,0.0010730650825246089,6.837236162443634,146.66666666666669,6.837236162443634
31,31,1,fam,0.0010730650825246089,6.837236162443634,146.66666666666669,6.837236162443634
32,32,2,fam,0.0010730650825246089,6.837236162443634,146.66666666666669,6.837236162443634
33,33,0,fam,0.0010730650825246089,6.837236162443634,146.66666666666669,6.837236162443634
34,34,1,fam,0.0010730650825246089,6.837236162443634,146.66666666666669,6.837236162443634
35,35,2,fam,0.0010730650825246089,6.837236162443634,146.66666666666669,6.837236162443634
36,36,0,fam,0.0010730650825246089,6.837236162443634,146.66666666666669,6.837236162443634
37,37,1,fam,0.0010730650825246089,6.837236162443634,146.66666666666669,6.837236162443634
38,38,2,fam,0.0010730650825246089,6.837236162443634,146.66666666666669,6.837236162443634
39,39,0,fam,0.0010730650825246089,6.837236162443634,146.66666666666669,6.837236162443634
40,40,1,fam,0.0010730650825246089,6.837236162443634,146.66666666666669,6.837236162443634
41,41,2,fam,0.0010730650825246089,6.837236162443634,146.66666666666669,6.837236162443634
42,42,0,fam,0.0010730650825246089,6.837236162443634,146.66666666666669,6.837236162443634
43,43,1,fam,0.0010730650825246089,6.837236162443634,146.66666666666669,6.837236162443634
44,44,2,fam,0.0010730650825246089,6.837236162443634,146.66666666666669,6.837236162443634
45,45,0,fam,0.0010730650825246089,6.837236162443634,146.66666666666669,6.837236162443634
46,46,1,fam,0.0010730650825246089,6.837236162443634,146.66666666666669,6.837236162443634
47,47,2,fam,0.0010730650825246089,6.837236162443634,146.66666666666669,6.837236162443634
48,48,0,fam,0.0010730650825246089,6.837236162443634,146.66666666666669,6.837236162443634
49,49,1,fam,0.0010730650825246089,6.837236162443634,146.66666666666669,6.837236162443634
50,50,2,fam,0.0010730650825246089,6.837236162443634,146.66666666666669,6.837236162443634
51,51,0,fam,0.0010730650825246089,6.837236162443634,146.66666666666669,6.837236162443634
52,52,1,fam,0.0010730650825246089,6.837236162443634,146.66666666666669,6.837236162443634
53,53,2,fam,0.0010730650825246089,6.837236162443634,146.66666666666669,6.837236162443634
54,54,0,fam,0.0010730650825246089,6.837236162443634,146.66666666666669,6.837236162443634
55,55,1,fam,0.0010730650825246089,6.837236162443634,146.66666666666669,6.837236162443634
56,56,2,fam,0.0010730650825246089,6.837236162443634,146.66666666666669,6.837236162443634
57,57,0,fam,0.0010730650825246089,6.837236162443634,146.66666666666669,6.837236162443634
58,58,1,fam,0.0010730650825246089,6.837236162443634,146.66666666666669,6.837236162443634
59,59,2,fam,0.0010730650825246089,6.837236162443634,146.66666666666669,6.837236162443634
60,60,0,fam,0.0010730650825246089,6.837236162443634,146.66666666666669,6.837236162443634
61,61,1,fam,0.0010730650825246089,6.837236162443634,146.66666666666669,6.837236162443634
62,62,2,fam,0.0010730650825246089,6.837236162443634,146.66666666666669,6.837236162443634
63,63,0,fam,0.0010730650825246089,6.837236162443634,146.66666666666669,6.837236162443634
64,64,1,fam,0.0010730650825246089,6.837236162443634,146.66666666666669,6.837236162443634
65,65,2,fam,0.0010730650825246089,6.837236162443634,146.66666666666669,6.837236162443634
66,66,3,recov,0.0009755136227028626,6.932546433157137,146.66666666666669,6.837236162443634
67,67,4,recov,0.0009755136227028626,6.932546433157137,146.66666666666669,6.837236162443634
68,68,5,recov,0.0009755136227028626,6.932546433157137,146.66666666666669,6.837236162443634
69,69,3,recov,0.0010730649849731491,6.8372362533528115,146.66666666666669,6.837236162443634
70,70,4,recov,0.0010730649849731491,6.8372362533528115,146.66666666666669,6.837236162443634
71,71,5,recov,0.0010730649849731491,6.8372362533528115,146.66666666666669,6.837236162443634
72,72,3,recov,0.001073065082524511,6.837236162443725,146.66666666666669,6.837236162443634
73,73,4,recov,0.001073065082524511,6.837236162443725,146.66666666666669,6.837236162443634
74,74,5,recov,0.001073065082524511,6.837236162443725,146.66666666666669,6.837236162443634
75,75,3,recov,0.0010730650825246089,6.837236162443634,146.66666666666669,6.837236162443634
76,76,4,recov,0.0010730650825246089,6.837236162443634,146.66666666666669,6.837236162443634
77,77,5,recov,0.0010730650825246089,6.837236162443634,146.66666666666669,6.837236162443634
78,78,3,recov,0.0010730650825246089,6.837236162443634,146.66666666666669,6.837236162443634
79,79,4,recov,0.0010730650825246089,6.837236162443634,146.66666666666669,6.837236162443634
80,80,5,recov,0.0010730650825246089,6.837236162443634,146.66666666666669,6.837236162443634
81,81,3,recov,0.0010730650825246089,6.837236162443634,146.66666666666669,6.837236162443634
82,82,4,recov,0.0010730650825246089,6.837236162443634,146.66666666666669,6.837236162443634
83,83,5,recov,0.0010730650825246089,6.837236162443634,146.66666666666669,6.837236162443634
84,84,3,recov,0.0010730650825246089,6.837236162443634,146.66666666666669,6.837236162443634
85,85,4,recov,0.0010730650825246089,6.837236162443634,146.66666666666669,6.837236162443634
86,86,5,recov,0.0010730650825246089,6.837236162443634,146.66666666666669,6.837236162443634
87,87,3,recov,0.0010730650825246089,6.837236162443634,146.66666666666669,6.837236162443634
88,88,4,recov,0.0010730650825246089,6.837236162443634,146.66666666666669,6.837236162443634
89,89,5,recov,0.0010730650825246089,6.837236162443634,146.66666666666669,6.837236162443634
90,90,3,recov,0.0010730650825246089,6.837236162443634,146.66666666666669,6.837236162443634
91,91,4,recov,0.0010730650825246089,6.837236162443634,146.66666666666669,6.837236162443634
92,92,5,recov,0.0010730650825246089,6.837236162443634,146.66666666666669,6.837236162443634
93,93,3,recov,0.0010730650825246089,6.837236162443634,146.66666666666669,6.837236162443634
94,94,4,recov,0.0010730650825246089,6.837236162443634,146.66666666666669,6.837236162443634
95,95,5,recov,0.0010730650825246089,6.837236162443634,146.66666666666669,6.837236162443634
96,96,3,recov,0.0010730650825246089,6.837236162443634,146.66666666666669,6.837236162443634
97,97,4,recov,0.0010730650825246089,6.837236162443634,146.66666666666669,6.837236162443634
98,98,5,recov,0.0010730650825246089,6.837236162443634,146.66666666666669,6.837236162443634
99,99,3,recov,0.0010730650825246089,6.837236162443634,146.66666666666669,6.837236162443634
100,100,4,recov,0.0010730650825246089,6.837236162443634,146.66666666666669,6.837236162443634
101,101,5,recov,0.0010730650825246089,6.837236162443634,146.66666666666669,6.837236162443634
102,102,3,recov,0.0010730650825246089,6.837236162443634,146.66666666666669,6.837236162443634
103,103,4,recov,0.0010730650825246089,6.837236162443634,146.66666666666669,6.837236162443634
104,104,5,recov,0.0010730650825246089,6.837236162443634,146.66666666666669,6.837236162443634
105,105,3,recov,0.0010730650825246089,6.837236162443634,146.66666666666669,6.837236162443634
106,106,4,recov,0.0010730650825246089,6.837236162443634,146.66666666666669,6.837236162443634
107,107,5,recov,0.0010730650825246089,6.837236162443634,146.66666666666669,6.837236162443634
108,108,3,recov,0.0010730650825246089,6.837236162443634,146.66666666666669,6.837236162443634
109,109,4,recov,0.0010730650825246089,6.837236162443634,146.66666666666669,6.837236162443634
110,110,5,recov,0.0010730650825246089,6.837236162443634,146.66666666666669,6.837236162443634
111,111,3,recov,0.0010730650825246089,6.837236162443634,146.66666666666669,6.837236162443634
112,112,4,recov,0.0010730650825246089,6.837236162443634,146.66666666666669,6.837236162443634
113,113,5,recov,0.0010730650825246089,6.837236162443634,146.66666666666669,6.837236162443634
114,114,3,recov,0.0010730650825246089,6.837236162443634,146.66666666666669,6.837236162443634
115,115,4,recov,0.0010730650825246089,6.837236162443634,146.66666666666669,6.837236162443634
116,116,5,recov,0.0010730650825246089,6.837236162443634,146.66666666666669,6.837236162443634
117,117,3,recov,0.0010730650825246089,6.837236162443634,146.66666666666669,6.837236162443634
118,118,4,recov,0.0010730650825246089,6.837236162443634,146.66666666666669,6.837236162443634
119,119,5,recov,0.0010730650825246089,6.837236162443634,146.66666666666669,6.837236162443634
120,120,3,recov,0.0010730650825246089,6.837236162443634,146.66666666666669,6.837236162443634
121,121,4,recov,0.0010730650825246089,6.837236162443634,146.66666666666669,6.837236162443634
122,122,5,recov,0.0010730650825246089,6.837236162443634,146.66666666666669,6.837236162443634
123,123,3,recov,0.0010730650825246089,6.837236162443634,146.66666666666669,6.837236162443634
124,124,4,recov,0.0010730650825246089,6.837236162443634,146.66666666666669,6.837236162443634
125,125,5,recov,0.0010730650825246089,6.837236162443634,146.66666666666669,6.837236162443634
126,126,3,recov,0.0010730650825246089,6.837236162443634,146.66666666666669,6.837236162443634
127,127,4,recov,0.0010730650825246089,6.837236162443634,146.66666666666669,6.837236162443634
128,128,5,recov,0.0010730650825246089,6.837236162443634,146.66666666666669,6.837236162443634
129,129,3,recov,0.0010730650825246089,6.837236162443634,146.66666666666669,6.837236162443634
130,130,4,recov,0.0010730650825246089,6.837236162443634,146.66666666666669,6.837236162443634
131,131,5,recov,0.0010730650825246089,6.837236162443634,146.66666666666669,6.837236162443634
132,132,3,recov,0.0010730650825246089,6.837236162443634,146.66666666666669,6.837236162443634
133,133,4,recov,0.0010730650825246089,6.837236162443634,146.66666666666669,6.837236162443634
134,134,5,recov,0.0010730650825246089,6.837236162443634,146.66666666666669,6.837236162443634
135,135,3,recov,0.0010730650825246089,6.837236162443634,146.66666666666669,6.837236162443634
136,136,4,recov,0.0010730650825246089,6.837236162443634,146.66666666666669,6.837236162443634
137,137,5,recov,0.0010730650825246089,6.837236162443634,146.66666666666669,6.837236162443634
138,138,3,recov,0.0010730650825246089,6.837236162443634,146.66666666666669,6.837236162443634
139,139,4,recov,0.0010730650825246089,6.837236162443634,146.66666666666669,6.837236162443634
140,140,5,recov,0.0010730650825246089,6.837236162443634,146.66666666666669,6.837236162443634
141,141,3,recov,0.0010730650825246089,6.837236162443634,146.66666666666669,6.837236162443634
142,142,4,recov,0.0010730650825246089,6.837236162443634,146.66666666666669,6.837236162443634
143,143,5,recov,0.0010730650825246089,6.837236162443634,146.66666666666669,6.837236162443634
144,144,3,recov,0.0010730650825246089,6.837236162443634,146.66666666666669,6.837236162443634
145,145,4,recov,0.0010730650825246089,6.837236162443634,146.66666666666669,6.837236162443634
146,146,5,recov,0.0010730650825246089,6.837236162443634,146.66666666666669,6.837236162443634
147,147,3,recov,0.0010730650825246089,6.837236162443634,146.66666666666669,6.837236162443634
148,148,4,recov,0.0010730650825246089,6.837236162443634,146.66666666666669,6.837236162443634
149,149,5,recov,0.0010730650825246089,6.837236162443634,146.66666666666669,6.837236162443634
150,150,3,recov,0.0010730650825246089,6.837236162443634,146.66666666666669,6.837236162443634
151,151,4,recov,0.0010730650825246089,6.837236162443634,146.66666666666669,6.837236162443634
152,152,5,recov,0.0010730650825246089,6.837236162443634,146.66666666666669,6.837236162443634
153,153,3,recov,0.0010730650825246089,6.837236162443634,146.66666666666669,6.837236162443634
154,154,4,recov,0.0010730650825246089,6.837236162443634,146.66666666666669,6.837236162443634
155,155,5,recov,0.0010730650825246089,6.837236162443634,146.66666666666669,6.837236162443634
156,156,3,recov,0.0010730650825246089,6.837236162443634,146.66666666666669,6.837236162443634
157,157,4,recov,0.0010730650825246089,6.837236162443634,146.66666666666669,6.837236162443634
158,158,5,recov,0.0010730650825246089,6.837236162443634,146.66666666666669,6.837236162443634
159,159,3,recov,0.0010730650825246089,6.837236162443634,146.66666666666669,6.837236162443634
160,160,4,recov,0.0010730650825246089,6.837236162443634,146.66666666666669,6.837236162443634
161,161,5,recov,0.0010730650825246089,6.837236162443634,146.66666666666669,6.837236162443634
162,162,3,recov,0.0010730650825246089,6.837236162443634,146.66666666666669,6.837236162443634
163,163,4,recov,0.0010730650825246089,6.837236162443634,146.66666666666669,6.837236162443634
164,164,5,recov,0.0010730650825246089,6.837236162443634,146.66666666666669,6.837236162443634
165,165,3,recov,0.0010730650825246089,6.837236162443634,146.66666666666669,6.837236162443634
166,166,4,recov,0.0010730650825246089,6.837236162443634,146.66666666666669,6.837236162443634
167,167,5,recov,0.0010730650825246089,6.837236162443634,146.66666666666669,6.837236162443634
168,168,3,recov,0.0010730650825246089,6.837236162443634,146.66666666666669,6.837236162443634
169,169,4,recov,0.0010730650825246089,6.837236162443634,146.66666666666669,6.837236162443634
170,170,5,recov,0.0010730650825246089,6.837236162443634,146.66666666666669,6.837236162443634
171,171,3,recov,0.0010730650825246089,6.837236162443634,146.66666666666669,6.837236162443634
172,172,4,recov,0.0010730650825246089,6.837236162443634,146.66666666666669,6.837236162443634
173,173,5,recov,0.0010730650825246089,6.837236162443634,146.66666666666669,6.837236162443634
174,174,3,recov,0.0010730650825246089,6.837236162443634,146.66666666666669,6.837236162443634
175,175,4,recov,0.0010730650825246089,6.837236162443634,146.66666666666669,6.837236162443634
176,176,5,recov,0.0010730650825246089,6.837236162443634,146.66666666666669,6.837236162443634
177,177,3,recov,0.0010730650825246089,6.837236162443634,146.66666666666669,6.837236162443634
178,178,4,recov,0.0010730650825246089,6.837236162443634,146.66666666666669,6.837236162443634
179,179,5,recov,0.0010730650825246089,6.837236162443634,146.66666666666669,6.837236162443634
180,180,3,recov,0.0010730650825246089,6.837236162443634,146.66666666666669,6.837236162443634
181,181,4,recov,0.0010730650825246089,6.837236162443634,146.66666666666669,6.837236162443634
182,182,5,recov,0.0010730650825246089,6.837236162443634,146.66666666666669,6.837236162443634
183,183,3,recov,0.0010730650825246089,6.837236162443634,146.66666666666669,6.837236162443634
184,184,4,recov,0.0010730650825246089,6.837236162443634,146.66666666666669,6.837236162443634
185,185,5,recov,0.0010730650825246089,6.837236162443634,146.66666666666669,6.837236162443634
186,186,3,recov,0.0010730650825246089,6.837236162443634,146.66666666666669,6.837236162443634
187,187,4,recov,0.0010730650825246089,6.837236162443634,146.66666666666669,6.837236162443634
188,188,5,recov,0.0010730650825246089,6.837236162443634,146.66666666666669,6.837236162443634
189,189,3,recov,0.0010730650825246089,6.837236162443634,146.66666666666669,6.837236162443634
190,190,4,recov,0.0010730650825246089,6.837236162443634,146.66666666666669,6.837236162443634
191,191,5,recov,0.0010730650825246089,6.837236162443634,146.66666666666669,6.837236162443634
192,192,3,recov,0.0010730650825246089,6.837236162443634,146.66666666666669,6.837236162443634
193,193,4,recov,0.0010730650825246089,6.837236162443634,146.66666666666669,6.837236162443634
194,194,5,recov,0.0010730650825246089,6.837236162443634,146.66666666666669,6.837236162443634
195,195,3,recov,0.0010730650825246089,6.837236162443634,146.66666666666669,6.837236162443634
196,196,4,recov,0.0010730650825246089,6.837236162443634,146.66666666666669,6.837236162443634
197,197,5,recov,0.0010730650825246089,6.837236162443634,146.66666666666669,6.837236162443634
198,198,3,recov,0.0010730650825246089,6.837236162443634,146.66666666666669,6.837236162443634
199,199,4,recov,0.0010730650825246089,6.837236162443634,146.66666666666669,6.837236162443634
200,200,5,recov,0.0010730650825246089,6.837236162443634,146.66666666666669,6.837236162443634
201,201,3,recov,0.0010730650825246089,6.837236162443634,146.66666666666669,6.837236162443634
202,202,4,recov,0.0010730650825246089,6.837236162443634,146.66666666666669,6.837236162443634
203,203,5,recov,0.0010730650825246089,6.837236162443634,146.66666666666669,6.837236162443634
204,204,3,recov,0.0010730650825246089,6.837236162443634,146.66666666666669,6.837236162443634
205,205,4,recov,0.0010730650825246089,6.837236162443634,146.66666666666669,6.837236162443634
206,206,5,recov,0.0010730650825246089,6.837236162443634,146.66666666666669,6.837236162443634
207,207,3,recov,0.0010730650825246089,6.837236162443634,146.66666666666669,6.837236162443634
208,208,4,recov,0.0010730650825246089,6.837236162443634,146.66666666666669,6.837236162443634
209,209,5,recov,0.0010730650825246089,6.837236162443634,146.66666666666669,6.837236162443634
210,210,3,recov,0.0010730650825246089,6.837236162443634,146.66666666666669,6.837236162443634
211,211,4,recov,0.0010730650825246089,6.837236162443634,146.66666666666669,6.837236162443634
212,212,5,recov,0.0010730650825246089,6.837236162443634,146.66666666666669,6.837236162443634
213,213,0,fam_r,0.0009755136227028626,6.932546433157137,146.66666666666669,6.837236162443634
214,214,1,fam_r,0.0009755136227028626,6.932546433157137,146.66666666666669,6.837236162443634
215,215,2,fam_r,0.0009755136227028626,6.932546433157137,146.66666666666669,6.837236162443634
216,216,0,fam_r,0.0010730649849731491,6.8372362533528115,146.66666666666669,6.837236162443634
217,217,1,fam_r,0.0010730649849731491,6.8372362533528115,146.66666666666669,6.837236162443634
218,218,2,fam_r,0.0010730649849731491,6.8372362533528115,146.66666666666669,6.837236162443634
219,219,0,fam_r,0.001073065082524511,6.837236162443725,146.66666666666669,6.837236162443634
220,220,1,fam_r,0.001073065082524511,6.837236162443725,146.66666666666669,6.837236162443634
221,221,2,fam_r,0.001073065082524511,6.837236162443725,146.66666666666669,6.837236162443634
222,222,0,fam_r,0.0010730650825246089,6.837236162443634,146.66666666666669,6.837236162443634
223,223,1,fam_r,0.0010730650825246089,6.837236162443634,146.66666666666669,6.837236162443634
224,224,2,fam_r,0.0010730650825246089,6.837236162443634,146.66666666666669,6.837236162443634
225,225,0,fam_r,0.0010730650825246089,6.837236162443634,146.66666666666669,6.837236162443634
226,226,1,fam_r,0.0010730650825246089,6.837236162443634,146.66666666666669,6.837236162443634
227,227,2,fam_r,0.0010730650825246089,6.837236162443634,146.66666666666669,6.837236162443634
0,0,0,fam,0.06666666666666667,2.70805020110221,220.0,6.837236162443634
1,1,1,fam,0.0009852216748768474,6.922643891475888,220.0,6.837236162443634
2,2,2,fam,0.0009756097560975611,6.932447891572508,220.0,6.837236162443634
3,3,0,fam,0.0010730660423373334,6.83723526798503,220.0,6.837236162443634
4,4,1,fam,0.0010730649955467807,6.837236243499139,220.0,6.837236162443634
5,5,2,fam,0.0010730649850788853,6.837236253254275,220.0,6.837236162443634
6,6,0,fam,0.0010730650825255684,6.83723616244274,220.0,6.837236162443634
7,7,1,fam,0.001073065082524522,6.837236162443715,220.0,6.837236162443634
8,8,2,fam,0.0010730650825245113,6.837236162443725,220.0,6.837236162443634
9,9,0,fam,0.0010730650825246089,6.837236162443634,220.0,6.837236162443634
10,10,1,fam,0.0010730650825246089,6.837236162443634,220.0,6.837236162443634
11,11,2,fam,0.0010730650825246089,6.837236162443634,220.0,6.837236162443634
12,12,0,fam,0.0010730650825246089,6.837236162443634,220.0,6.837236162443634
13,13,1,fam,0.0010730650825246089,6.837236162443634,220.0,6.837236162443634
14,14,2,fam,0.0010730650825246089,6.837236162443634,220.0,6.837236162443634
15,15,0,fam,0.0010730650825246089,6.837236162443634,220.0,6.837236162443634
16,16,1,fam,0.0010730650825246089,6.837236162443634,220.0,6.837236162443634
17,17,2,fam,0.0010730650825246089,6.837236162443634,220.0,6.837236162443634
18,18,0,fam,0.0010730650825246089,6.837236162443634,220.0,6.837236162443634
19,19,1,fam,0.0010730650825246089,6.837236162443634,220.0,6.837236162443634
20,20,2,fam,0.0010730650825246089,6.837236162443634,220.0,6.837236162443634
21,21,0,fam,0.0010730650825246089,6.837236162443634,220.0,6.837236162443634
22,22,1,fam,0.0010730650825246089,6.837236162443634,220.0,6.837236162443634
23,23,2,fam,0.0010730650825246089,6.837236162443634,220.0,6.837236162443634
24,24,0,fam,0.0010730650825246089,6.837236162443634,220.0,6.837236162443634
25,25,1,fam,0.0010730650825246089,6.837236162443634,220.0,6.837236162443634
26,26,2,fam,0.0010730650825246089,6.837236162443634,220.0,6.837236162443634
27,27,0,fam,0.0010730650825246089,6.837236162443634,220.0,6.837236162443634
28,28,1,fam,0.0010730650825246089,6.837236162443634,220.0,6.837236162443634
29,29,2,fam,0.0010730650825246089,6.837236162443634,220.0,6.837236162443634
30,30,0,fam,0.0010730650825246089,6.837236162443634,220.0,6.837236162443634
31,31,1,fam,0.0010730650825246089,6.837236162443634,220.0,6.837236162443634
32,32,2,fam,0.0010730650825246089,6.837236162443634,220.0,6.837236162443634
33,33,0,fam,0.0010730650825246089,6.837236162443634,220.0,6.837236162443634
34,34,1,fam,0.0010730650825246089,6.837236162443634,220.0,6.837236162443634
35,35,2,fam,0.0010730650825246089,6.837236162443634,220.0,6.837236162443634
36,36,0,fam,0.0010730650825246089,6.837236162443634,220.0,6.837236162443634
37,37,1,fam,0.0010730650825246089,6.837236162443634,220.0,6.837236162443634
38,38,2,fam,0.0010730650825246089,6.837236162443634,220.0,6.837236162443634
39,39,0,fam,0.0010730650825246089,6.837236162443634,220.0,6.837236162443634
40,40,1,fam,0.0010730650825246089,6.837236162443634,220.0,6.837236162443634
41,41,2,fam,0.0010730650825246089,6.837236162443634,220.0,6.837236162443634
42,42,0,fam,0.0010730650825246089,6.837236162443634,220.0,6.837236162443634
43,43,1,fam,0.0010730650825246089,6.837236162443634,220.0,6.837236162443634
44,44,2,fam,0.0010730650825246089,6.837236162443634,220.0,6.837236162443634
45,45,0,fam,0.0010730650825246089,6.837236162443634,220.0,6.837236162443634
46,46,1,fam,0.0010730650825246089,6.837236162443634,220.0,6.837236162443634
47,47,2,fam,0.0010730650825246089,6.837236162443634,220.0,6.837236162443634
48,48,0,fam,0.0010730650825246089,6.837236162443634,220.0,6.837236162443634
49,49,1,fam,0.0010730650825246089,6.837236162443634,220.0,6.837236162443634
50,50,2,fam,0.0010730650825246089,6.837236162443634,220.0,6.837236162443634
51,51,0,fam,0.0010730650825246089,6.837236162443634,220.0,6.837236162443634
52,52,1,fam,0.0010730650825246089,6.837236162443634,220.0,6.837236162443634
53,53,2,fam,0.0010730650825246089,6.837236162443634,220.0,6.837236162443634
54,54,0,fam,0.0010730650825246089,6.837236162443634,220.0,6.837236162443634
55,55,1,fam,0.0010730650825246089,6.837236162443634,220.0,6.837236162443634
56,56,2,fam,0.0010730650825246089,6.837236162443634,220.0,6.837236162443634
57,57,0,fam,0.0010730650825246089,6.837236162443634,220.0,6.837236162443634
58,58,1,fam,0.0010730650825246089,6.837236162443634,220.0,6.837236162443634
59,59,2,fam,0.0010730650825246089,6.837236162443634,220.0,6.837236162443634
60,60,0,fam,0.0010730650825246089,6.837236162443634,220.0,6.837236162443634
61,61,1,fam,0.0010730650825246089,6.837236162443634,220.0,6.837236162443634
62,62,2,fam,0.0010730650825246089,6.837236162443634,220.0,6.837236162443634
63,63,0,fam,0.0010730650825246089,6.837236162443634,220.0,6.837236162443634
64,64,1,fam,0.0010730650825246089,6.837236162443634,220.0,6.837236162443634
65,65,2,fam,0.0010730650825246089,6.837236162443634,220.0,6.837236162443634
66,66,3,recov,0.0009755136227028626,6.932546433157137,220.0,6.837236162443634
67,67,4,recov,0.0009755136227028626,6.932546433157137,220.0,6.837236162443634
68,68,5,recov,0.0009755136227028626,6.932546433157137,220.0,6.837236162443634
69,69,3,recov,0.0010730649849731491,6.8372362533528115,220.0,6.837236162443634
70,70,4,recov,0.0010730649849731491,6.8372362533528115,220.0,6.837236162443634
71,71,5,recov,0.0010730649849731491,6.8372362533528115,220.0,6.837236162443634
72,72,3,recov,0.001073065082524511,6.837236162443725,220.0,6.837236162443634
73,73,4,recov,0.001073065082524511,6.837236162443725,220.0,6.837236162443634
74,74,5,recov,0.001073065082524511,6.837236162443725,220.0,6.837236162443634
75,75,3,recov,0.0010730650825246089,6.837236162443634,220.0,6.837236162443634
76,76,4,recov,0.0010730650825246089,6.837236162443634,220.0,6.837236162443634
77,77,5,recov,0.0010730650825246089,6.837236162443634,220.0,6.837236162443634
78,78,3,recov,0.0010730650825246089,6.837236162443634,220.0,6.837236162443634
79,79,4,recov,0.0010730650825246089,6.837236162443634,220.0,6.837236162443634
80,80,5,recov,0.0010730650825246089,6.837236162443634,220.0,6.837236162443634
81,81,3,recov,0.0010730650825246089,6.837236162443634,220.0,6.837236162443634
82,82,4,recov,0.0010730650825246089,6.837236162443634,220.0,6.837236162443634
83,83,5,recov,0.0010730650825246089,6.837236162443634,220.0,6.837236162443634
84,84,3,recov,0.0010730650825246089,6.837236162443634,220.0,6.837236162443634
85,85,4,recov,0.0010730650825246089,6.837236162443634,220.0,6.837236162443634
86,86,5,recov,0.0010730650825246089,6.837236162443634,220.0,6.837236162443634
87,87,3,recov,0.0010730650825246089,6.837236162443634,220.0,6.837236162443634
88,88,4,recov,0.0010730650825246089,6.837236162443634,220.0,6.837236162443634
89,89,5,recov,0.0010730650825246089,6.837236162443634,220.0,6.837236162443634
90,90,3,recov,0.0010730650825246089,6.837236162443634,220.0,6.837236162443634
91,91,4,recov,0.0010730650825246089,6.837236162443634,220.0,6.837236162443634
92,92,5,recov,0.0010730650825246089,6.837236162443634,220.0,6.837236162443634
93,93,3,recov,0.0010730650825246089,6.837236162443634,220.0,6.837236162443634
94,94,4,recov,0.0010730650825246089,6.837236162443634,220.0,6.837236162443634
95,95,5,recov,0.0010730650825246089,6.837236162443634,220.0,6.837236162443634
96,96,3,recov,0.0010730650825246089,6.837236162443634,220.0,6.837236162443634
97,97,4,recov,0.0010730650825246089,6.837236162443634,220.0,6.837236162443634
98,98,5,recov,0.0010730650825246089,6.837236162443634,220.0,6.837236162443634
99,99,3,recov,0.0010730650825246089,6.837236162443634,220.0,6.837236162443634
100,100,4,recov,0.0010730650825246089,6.837236162443634,220.0,6.837236162443634
101,101,5,recov,0.0010730650825246089,6.837236162443634,220.0,6.837236162443634
102,102,3,recov,0.0010730650825246089,6.837236162443634,220.0,6.837236162443634
103,103,4,recov,0.0010730650825246089,6.837236162443634,220.0,6.837236162443634
104,104,5,recov,0.0010730650825246089,6.837236162443634,220.0,6.837236162443634
105,105,3,recov,0.0010730650825246089,6.837236162443634,220.0,6.837236162443634
106,106,4,recov,0.0010730650825246089,6.837236162443634,220.0,6.837236162443634
107,107,5,recov,0.0010730650825246089,6.837236162443634,220.0,6.837236162443634
108,108,3,recov,0.0010730650825246089,6.837236162443634,220.0,6.837236162443634
109,109,4,recov,0.0010730650825246089,6.837236162443634,220.0,6.837236162443634
110,110,5,recov,0.0010730650825246089,6.837236162443634,220.0,6.837236162443634
111,111,3,recov,0.0010730650825246089,6.837236162443634,220.0,6.837236162443634
112,112,4,recov,0.0010730650825246089,6.837236162443634,220.0,6.837236162443634
113,113,5,recov,0.0010730650825246089,6.837236162443634,220.0,6.837236162443634
114,114,3,recov,0.0010730650825246089,6.837236162443634,220.0,6.837236162443634
115,115,4,recov,0.0010730650825246089,6.837236162443634,220.0,6.837236162443634
116,116,5,recov,0.0010730650825246089,6.837236162443634,220.0,6.837236162443634
117,117,3,recov,0.0010730650825246089,6.837236162443634,220.0,6.837236162443634
118,118,4,recov,0.0010730650825246089,6.837236162443634,220.0,6.837236162443634
119,119,5,recov,0.0010730650825246089,6.837236162443634,220.0,6.837236162443634
120,120,3,recov,0.0010730650825246089,6.837236162443634,220.0,6.837236162443634
121,121,4,recov,0.0010730650825246089,6.837236162443634,220.0,6.837236162443634
122,122,5,recov,0.0010730650825246089,6.837236162443634,220.0,6.837236162443634
123,123,3,recov,0.0010730650825246089,6.837236162443634,220.0,6.837236162443634
124,124,4,recov,0.0010730650825246089,6.837236162443634,220.0,6.837236162443634
125,125,5,recov,0.0010730650825246089,6.837236162443634,220.0,6.837236162443634
126,126,3,recov,0.0010730650825246089,6.837236162443634,220.0,6.837236162443634
127,127,4,recov,0.0010730650825246089,6.837236162443634,220.0,6.837236162443634
128,128,5,recov,0.0010730650825246089,6.837236162443634,220.0,6.837236162443634
129,129,3,recov,0.0010730650825246089,6.837236162443634,220.0,6.837236162443634
130,130,4,recov,0.0010730650825246089,6.837236162443634,220.0,6.837236162443634
131,131,5,recov,0.0010730650825246089,6.837236162443634,220.0,6.837236162443634
132,132,3,recov,0.0010730650825246089,6.837236162443634,220.0,6.837236162443634
133,133,4,recov,0.0010730650825246089,6.837236162443634,220.0,6.837236162443634
134,134,5,recov,0.0010730650825246089,6.837236162443634,220.0,6.837236162443634
135,135,3,recov,0.0010730650825246089,6.837236162443634,220.0,6.837236162443634
136,136,4,recov,0.0010730650825246089,6.837236162443634,220.0,6.837236162443634
137,137,5,recov,0.0010730650825246089,6.837236162443634,220.0,6.837236162443634
138,138,3,recov,0.0010730650825246089,6.837236162443634,220.0,6.837236162443634
139,139,4,recov,0.0010730650825246089,6.837236162443634,220.0,6.837236162443634
140,140,5,recov,0.0010730650825246089,6.837236162443634,220.0,6.837236162443634
141,141,3,recov,0.0010730650825246089,6.837236162443634,220.0,6.837236162443634
142,142,4,recov,0.0010730650825246089,6.837236162443634,220.0,6.837236162443634
143,143,5,recov,0.0010730650825246089,6.837236162443634,220.0,6.837236162443634
144,144,3,recov,0.0010730650825246089,6.837236162443634,220.0,6.837236162443634
145,145,4,recov,0.0010730650825246089,6.837236162443634,220.0,6.837236162443634
146,146,5,recov,0.0010730650825246089,6.837236162443634,220.0,6.837236162443634
147,147,3,recov,0.0010730650825246089,6.837236162443634,220.0,6.837236162443634
148,148,4,recov,0.0010730650825246089,6.837236162443634,220.0,6.837236162443634
149,149,5,recov,0.0010730650825246089,6.837236162443634,220.0,6.837236162443634
150,150,3,recov,0.0010730650825246089,6.837236162443634,220.0,6.837236162443634
151,151,4,recov,0.0010730650825246089,6.837236162443634,220.0,6.837236162443634
152,152,5,recov,0.0010730650825246089,6.837236162443634,220.0,6.837236162443634
153,153,3,recov,0.0010730650825246089,6.837236162443634,220.0,6.837236162443634
154,154,4,recov,0.0010730650825246089,6.837236162443634,220.0,6.837236162443634
155,155,5,recov,0.0010730650825246089,6.837236162443634,220.0,6.837236162443634
156,156,3,recov,0.0010730650825246089,6.837236162443634,220.0,6.837236162443634
157,157,4,recov,0.0010730650825246089,6.837236162443634,220.0,6.837236162443634
158,158,5,recov,0.0010730650825246089,6.837236162443634,220.0,6.837236162443634
159,159,3,recov,0.0010730650825246089,6.837236162443634,220.0,6.837236162443634
160,160,4,recov,0.0010730650825246089,6.837236162443634,220.0,6.837236162443634
161,161,5,recov,0.0010730650825246089,6.837236162443634,220.0,6.837236162443634
162,162,3,recov,0.0010730650825246089,6.837236162443634,220.0,6.837236162443634
163,163,4,recov,0.0010730650825246089,6.837236162443634,220.0,6.837236162443634
164,164,5,recov,0.0010730650825246089,6.837236162443634,220.0,6.837236162443634
165,165,3,recov,0.0010730650825246089,6.837236162443634,220.0,6.837236162443634
166,166,4,recov,0.0010730650825246089,6.837236162443634,220.0,6.837236162443634
167,167,5,recov,0.0010730650825246089,6.837236162443634,220.0,6.837236162443634
168,168,3,recov,0.0010730650825246089,6.837236162443634,220.0,6.837236162443634
169,169,4,recov,0.0010730650825246089,6.837236162443634,220.0,6.837236162443634
170,170,5,recov,0.0010730650825246089,6.837236162443634,220.0,6.837236162443634
171,171,3,recov,0.0010730650825246089,6.837236162443634,220.0,6.837236162443634
172,172,4,recov,0.0010730650825246089,6.837236162443634,220.0,6.837236162443634
173,173,5,recov,0.0010730650825246089,6.837236162443634,220.0,6.837236162443634
174,174,3,recov,0.0010730650825246089,6.837236162443634,220.0,6.837236162443634
175,175,4,recov,0.0010730650825246089,6.837236162443634,220.0,6.837236162443634
176,176,5,recov,0.0010730650825246089,6.837236162443634,220.0,6.837236162443634
177,177,3,recov,0.0010730650825246089,6.837236162443634,220.0,6.837236162443634
178,178,4,recov,0.0010730650825246089,6.837236162443634,220.0,6.837236162443634
179,179,5,recov,0.0010730650825246089,6.837236162443634,220.0,6.837236162443634
180,180,3,recov,0.0010730650825246089,6.837236162443634,220.0,6.837236162443634
181,181,4,recov,0.0010730650825246089,6.837236162443634,220.0,6.837236162443634
182,182,5,recov,0.0010730650825246089,6.837236162443634,220.0,6.837236162443634
183,183,3,recov,0.0010730650825246089,6.837236162443634,220.0,6.837236162443634
184,184,4,recov,0.0010730650825246089,6.837236162443634,220.0,6.837236162443634
185,185,5,recov,0.0010730650825246089,6.837236162443634,220.0,6.837236162443634
186,186,3,recov,0.0010730650825246089,6.837236162443634,220.0,6.837236162443634
187,187,4,recov,0.0010730650825246089,6.837236162443634,220.0,6.837236162443634
188,188,5,recov,0.0010730650825246089,6.837236162443634,220.0,6.837236162443634
189,189,3,recov,0.0010730650825246089,6.837236162443634,220.0,6.837236162443634
190,190,4,recov,0.0010730650825246089,6.837236162443634,220.0,6.837236162443634
191,191,5,recov,0.0010730650825246089,6.837236162443634,220.0,6.837236162443634
192,192,3,recov,0.0010730650825246089,6.837236162443634,220.0,6.837236162443634
193,193,4,recov,0.0010730650825246089,6.837236162443634,220.0,6.837236162443634
194,194,5,recov,0.0010730650825246089,6.837236162443634,220.0,6.837236162443634
195,195,3,recov,0.0010730650825246089,6.837236162443634,220.0,6.837236162443634
196,196,4,recov,0.0010730650825246089,6.837236162443634,220.0,6.837236162443634
197,197,5,recov,0.0010730650825246089,6.837236162443634,220.0,6.837236162443634
198,198,3,recov,0.0010730650825246089,6.837236162443634,220.0,6.837236162443634
199,199,4,recov,0.0010730650825246089,6.837236162443634,220.0,6.837236162443634
200,200,5,recov,0.0010730650825246089,6.837236162443634,220.0,6.837236162443634
201,201,3,recov,0.0010730650825246089,6.837236162443634,220.0,6.837236162443634
202,202,4,recov,0.0010730650825246089,6.837236162443634,220.0,6.837236162443634
203,203,5,recov,0.0010730650825246089,6.837236162443634,220.0,6.837236162443634
204,204,3,recov,0.0010730650825246089,6.837236162443634,220.0,6.837236162443634
205,205,4,recov,0.0010730650825246089,6.837236162443634,220.0,6.837236162443634
206,206,5,recov,0.0010730650825246089,6.837236162443634,220.0,6.837236162443634
207,207,3,recov,0.0010730650825246089,6.837236162443634,220.0,6.837236162443634
208,208,4,recov,0.0010730650825246089,6.837236162443634,220.0,6.837236162443634
209,209,5,recov,0.0010730650825246089,6.837236162443634,220.0,6.837236162443634
210,210,3,recov,0.0010730650825246089,6.837236162443634,220.0,6.837236162443634
211,211,4,recov,0.0010730650825246089,6.837236162443634,220.0,6.837236162443634
212,212,5,recov,0.0010730650825246089,6.837236162443634,220.0,6.837236162443634
213,213,3,recov,0.0010730650825246089,6.837236162443634,220.0,6.837236162443634
214,214,4,recov,0.0010730650825246089,6.837236162443634,220.0,6.837236162443634
215,215,5,recov,0.0010730650825246089,6.837236162443634,220.0,6.837236162443634
216,216,3,recov,0.0010730650825246089,6.837236162443634,220.0,6.837236162443634
217,217,4,recov,0.0010730650825246089,6.837236162443634,220.0,6.837236162443634
218,218,5,recov,0.0010730650825246089,6.837236162443634,220.0,6.837236162443634
219,219,3,recov,0.0010730650825246089,6.837236162443634,220.0,6.837236162443634
220,220,4,recov,0.0010730650825246089,6.837236162443634,220.0,6.837236162443634
221,221,5,recov,0.0010730650825246089,6.837236162443634,220.0,6.837236162443634
222,222,3,recov,0.0010730650825246089,6.837236162443634,220.0,6.837236162443634
223,223,4,recov,0.0010730650825246089,6.837236162443634,220.0,6.837236162443634
224,224,5,recov,0.0010730650825246089,6.837236162443634,220.0,6.837236162443634
225,225,3,recov,0.0010730650825246089,6.837236162443634,220.0,6.837236162443634
226,226,4,recov,0.0010730650825246089,6.837236162443634,220.0,6.837236162443634
227,227,5,recov,0.0010730650825246089,6.837236162443634,220.0,6.837236162443634
228,228,3,recov,0.0010730650825246089,6.837236162443634,220.0,6.837236162443634
229,229,4,recov,0.0010730650825246089,6.837236162443634,220.0,6.837236162443634
230,230,5,recov,0.0010730650825246089,6.837236162443634,220.0,6.837236162443634
231,231,3,recov,0.0010730650825246089,6.837236162443634,220.0,6.837236162443634
232,232,4,recov,0.0010730650825246089,6.837236162443634,220.0,6.837236162443634
233,233,5,recov,0.0010730650825246089,6.837236162443634,220.0,6.837236162443634
234,234,3,recov,0.0010730650825246089,6.837236162443634,220.0,6.837236162443634
235,235,4,recov,0.0010730650825246089,6.837236162443634,220.0,6.837236162443634
236,236,5,recov,0.0010730650825246089,6.837236162443634,220.0,6.837236162443634
237,237,3,recov,0.0010730650825246089,6.837236162443634,220.0,6.837236162443634
238,238,4,recov,0.0010730650825246089,6.837236162443634,220.0,6.837236162443634
239,239,5,recov,0.0010730650825246089,6.837236162443634,220.0,6.837236162443634
240,240,3,recov,0.0010730650825246089,6.837236162443634,220.0,6.837236162443634
241,241,4,recov,0.0010730650825246089,6.837236162443634,220.0,6.837236162443634
242,242,5,recov,0.0010730650825246089,6.837236162443634,220.0,6.837236162443634
243,243,3,recov,0.0010730650825246089,6.837236162443634,220.0,6.837236162443634
244,244,4,recov,0.0010730650825246089,6.837236162443634,220.0,6.837236162443634
245,245,5,recov,0.0010730650825246089,6.837236162443634,220.0,6.837236162443634
246,246,3,recov,0.0010730650825246089,6.837236162443634,220.0,6.837236162443634
247,247,4,recov,0.0010730650825246089,6.837236162443634,220.0,6.837236162443634
248,248,5,recov,0.0010730650825246089,6.837236162443634,220.0,6.837236162443634
249,249,3,recov,0.0010730650825246089,6.837236162443634,220.0,6.837236162443634
250,250,4,recov,0.0010730650825246089,6.837236162443634,220.0,6.837236162443634
251,251,5,recov,0.0010730650825246089,6.837236162443634,220.0,6.837236162443634
252,252,3,recov,0.0010730650825246089,6.837236162443634,220.0,6.837236162443634
253,253,4,recov,0.0010730650825246089,6.837236162443634,220.0,6.837236162443634
254,254,5,recov,0.0010730650825246089,6.837236162443634,220.0,6.837236162443634
255,255,3,recov,0.0010730650825246089,6.837236162443634,220.0,6.837236162443634
256,256,4,recov,0.0010730650825246089,6.837236162443634,220.0,6.837236162443634
257,257,5,recov,0.0010730650825246089,6.837236162443634,220.0,6.837236162443634
258,258,3,recov,0.0010730650825246089,6.837236162443634,220.0,6.837236162443634
259,259,4,recov,0.0010730650825246089,6.837236162443634,220.0,6.837236162443634
260,260,5,recov,0.0010730650825246089,6.837236162443634,220.0,6.837236162443634
261,261,3,recov,0.0010730650825246089,6.837236162443634,220.0,6.837236162443634
262,262,4,recov,0.0010730650825246089,6.837236162443634,220.0,6.837236162443634
263,263,5,recov,0.0010730650825246089,6.837236162443634,220.0,6.837236162443634
264,264,3,recov,0.0010730650825246089,6.837236162443634,220.0,6.837236162443634
265,265,4,recov,0.0010730650825246089,6.837236162443634,220.0,6.837236162443634
266,266,5,recov,0.0010730650825246089,6.837236162443634,220.0,6.837236162443634
267,267,3,recov,0.0010730650825246089,6.837236162443634,220.0,6.837236162443634
268,268,4,recov,0.0010730650825246089,6.837236162443634,220.0,6.837236162443634
269,269,5,recov,0.0010730650825246089,6.837236162443634,220.0,6.837236162443634
270,270,3,recov,0.0010730650825246089,6.837236162443634,220.0,6.837236162443634
271,271,4,recov,0.0010730650825246089,6.837236162443634,220.0,6.837236162443634
272,272,5,recov,0.0010730650825246089,6.837236162443634,220.0,6.837236162443634
273,273,3,recov,0.0010730650825246089,6.837236162443634,220.0,6.837236162443634
274,274,4,recov,0.0010730650825246089,6.837236162443634,220.0,6.837236162443634
275,275,5,recov,0.0010730650825246089,6.837236162443634,220.0,6.837236162443634
276,276,3,recov,0.0010730650825246089,6.837236162443634,220.0,6.837236162443634
277,277,4,recov,0.0010730650825246089,6.837236162443634,220.0,6.837236162443634
278,278,5,recov,0.0010730650825246089,6.837236162443634,220.0,6.837236162443634
279,279,3,recov,0.0010730650825246089,6.837236162443634,220.0,6.837236162443634
280,280,4,recov,0.0010730650825246089,6.837236162443634,220.0,6.837236162443634
281,281,5,recov,0.0010730650825246089,6.837236162443634,220.0,6.837236162443634
282,282,3,recov,0.0010730650825246089,6.837236162443634,220.0,6.837236162443634
283,283,4,recov,0.0010730650825246089,6.837236162443634,220.0,6.837236162443634
284,284,5,recov,0.0010730650825246089,6.837236162443634,220.0,6.837236162443634
285,285,0,fam_r,0.0009755136227028626,6.932546433157137,220.0,6.837236162443634
286,286,1,fam_r,0.0009755136227028626,6.932546433157137,220.0,6.837236162443634
287,287,2,fam_r,0.0009755136227028626,6.932546433157137,220.0,6.837236162443634
288,288,0,fam_r,0.0010730649849731491,6.8372362533528115,220.0,6.837236162443634
289,289,1,fam_r,0.0010730649849731491,6.8372362533528115,220.0,6.837236162443634
290,290,2,fam_r,0.0010730649849731491,6.8372362533528115,220.0,6.837236162443634
291,291,0,fam_r,0.001073065082524511,6.837236162443725,220.0,6.837236162443634
292,292,1,fam_r,0.001073065082524511,6.837236162443725,220.0,6.837236162443634
293,293,2,fam_r,0.001073065082524511,6.837236162443725,220.0,6.837236162443634
294,294,0,fam_r,0.0010730650825246089,6.837236162443634,220.0,6.837236162443634
295,295,1,fam_r,0.0010730650825246089,6.837236162443634,220.0,6.837236162443634
296,296,2,fam_r,0.0010730650825246089,6.837236162443634,220.0,6.837236162443634
297,297,0,fam_r,0.0010730650825246089,6.837236162443634,220.0,6.837236162443634
298,298,1,fam_r,0.0010730650825246089,6.837236162443634,220.0,6.837236162443634
299,299,2,fam_r,0.0010730650825246089,6.837236162443634,220.0,6.837236162443634
0,0,0,fam,0.06666666666666667,2.70805020110221,293.33333333333337,6.837236162443634
1,1,1,fam,0.0009852216748768474,6.922643891475888,293.33333333333337,6.837236162443634
2,2,2,fam,0.0009756097560975611,6.932447891572508,293.33333333333337,6.837236162443634
3,3,0,fam,0.0010730660423373334,6.83723526798503,293.33333333333337,6.837236162443634
4,4,1,fam,0.0010730649955467807,6.837236243499139,293.33333333333337,6.837236162443634
5,5,2,fam,0.0010730649850788853,6.837236253254275,293.33333333333337,6.837236162443634
6,6,0,fam,0.0010730650825255684,6.83723616244274,293.33333333333337,6.837236162443634
7,7,1,fam,0.001073065082524522,6.837236162443715,293.33333333333337,6.837236162443634
8,8,2,fam,0.0010730650825245113,6.837236162443725,293.33333333333337,6.837236162443634
9,9,0,fam,0.0010730650825246089,6.837236162443634,293.33333333333337,6.837236162443634
10,10,1,fam,0.0010730650825246089,6.837236162443634,293.33333333333337,6.837236162443634
11,11,2,fam,0.0010730650825246089,6.837236162443634,293.33333333333337,6.837236162443634
12,12,0,fam,0.0010730650825246089,6.837236162443634,293.33333333333337,6.837236162443634
13,13,1,fam,0.0010730650825246089,6.837236162443634,293.33333333333337,6.837236162443634
14,14,2,fam,0.0010730650825246089,6.837236162443634,293.33333333333337,6.837236162443634
15,15,0,fam,0.0010730650825246089,6.837236162443634,293.33333333333337,6.837236162443634
16,16,1,fam,0.0010730650825246089,6.837236162443634,293.33333333333337,6.837236162443634
17,17,2,fam,0.0010730650825246089,6.837236162443634,293.33333333333337,6.837236162443634
18,18,0,fam,0.0010730650825246089,6.837236162443634,293.33333333333337,6.837236162443634
19,19,1,fam,0.0010730650825246089,6.837236162443634,293.33333333333337,6.837236162443634
20,20,2,fam,0.0010730650825246089,6.837236162443634,293.33333333333337,6.837236162443634
21,21,0,fam,0.0010730650825246089,6.837236162443634,293.33333333333337,6.837236162443634
22,22,1,fam,0.0010730650825246089,6.837236162443634,293.33333333333337,6.837236162443634
23,23,2,fam,0.0010730650825246089,6.837236162443634,293.33333333333337,6.837236162443634
24,24,0,fam,0.0010730650825246089,6.837236162443634,293.33333333333337,6.837236162443634
25,25,1,fam,0.0010730650825246089,6.837236162443634,293.33333333333337,6.837236162443634
26,26,2,fam,0.0010730650825246089,6.837236162443634,293.33333333333337,6.837236162443634
27,27,0,fam,0.0010730650825246089,6.837236162443634,293.33333333333337,6.837236162443634
28,28,1,fam,0.0010730650825246089,6.837236162443634,293.33333333333337,6.837236162443634
29,29,2,fam,0.0010730650825246089,6.837236162443634,293.33333333333337,6.837236162443634
30,30,0,fam,0.0010730650825246089,6.837236162443634,293.33333333333337,6.837236162443634
31,31,1,fam,0.0010730650825246089,6.837236162443634,293.33333333333337,6.837236162443634
32,32,2,fam,0.0010730650825246089,6.837236162443634,293.33333333333337,6.837236162443634
33,33,0,fam,0.0010730650825246089,6.837236162443634,293.33333333333337,6.837236162443634
34,34,1,fam,0.0010730650825246089,6.837236162443634,293.33333333333337,6.837236162443634
35,35,2,fam,0.0010730650825246089,6.837236162443634,293.33333333333337,6.837236162443634
36,36,0,fam,0.0010730650825246089,6.837236162443634,293.33333333333337,6.837236162443634
37,37,1,fam,0.0010730650825246089,6.837236162443634,293.33333333333337,6.837236162443634
38,38,2,fam,0.0010730650825246089,6.837236162443634,293.33333333333337,6.837236162443634
39,39,0,fam,0.0010730650825246089,6.837236162443634,293.33333333333337,6.837236162443634
40,40,1,fam,0.0010730650825246089,6.837236162443634,293.33333333333337,6.837236162443634
41,41,2,fam,0.0010730650825246089,6.837236162443634,293.33333333333337,6.837236162443634
42,42,0,fam,0.0010730650825246089,6.837236162443634,293.33333333333337,6.837236162443634
43,43,1,fam,0.0010730650825246089,6.837236162443634,293.33333333333337,6.837236162443634
44,44,2,fam,0.0010730650825246089,6.837236162443634,293.33333333333337,6.837236162443634
45,45,0,fam,0.0010730650825246089,6.837236162443634,293.33333333333337,6.837236162443634
46,46,1,fam,0.0010730650825246089,6.837236162443634,293.33333333333337,6.837236162443634
47,47,2,fam,0.0010730650825246089,6.837236162443634,293.33333333333337,6.837236162443634
48,48,0,fam,0.0010730650825246089,6.837236162443634,293.33333333333337,6.837236162443634
49,49,1,fam,0.0010730650825246089,6.837236162443634,293.33333333333337,6.837236162443634
50,50,2,fam,0.0010730650825246089,6.837236162443634,293.33333333333337,6.837236162443634
51,51,0,fam,0.0010730650825246089,6.837236162443634,293.33333333333337,6.837236162443634
52,52,1,fam,0.0010730650825246089,6.837236162443634,293.33333333333337,6.837236162443634
53,53,2,fam,0.0010730650825246089,6.837236162443634,293.33333333333337,6.837236162443634
54,54,0,fam,0.0010730650825246089,6.837236162443634,293.33333333333337,6.837236162443634
55,55,1,fam,0.0010730650825246089,6.837236162443634,293.33333333333337,6.837236162443634
56,56,2,fam,0.0010730650825246089,6.837236162443634,293.33333333333337,6.837236162443634
57,57,0,fam,0.0010730650825246089,6.837236162443634,293.33333333333337,6.837236162443634
58,58,1,fam,0.0010730650825246089,6.837236162443634,293.33333333333337,6.837236162443634
59,59,2,fam,0.0010730650825246089,6.837236162443634,293.33333333333337,6.837236162443634
60,60,0,fam,0.0010730650825246089,6.837236162443634,293.33333333333337,6.837236162443634
61,61,1,fam,0.0010730650825246089,6.837236162443634,293.33333333333337,6.837236162443634
62,62,2,fam,0.0010730650825246089,6.837236162443634,293.33333333333337,6.837236162443634
63,63,0,fam,0.0010730650825246089,6.837236162443634,293.33333333333337,6.837236162443634
64,64,1,fam,0.0010730650825246089,6.837236162443634,293.33333333333337,6.837236162443634
65,65,2,fam,0.0010730650825246089,6.837236162443634,293.33333333333337,6.837236162443634
66,66,3,recov,0.0009755136227028626,6.932546433157137,293.33333333333337,6.837236162443634
67,67,4,recov,0.0009755136227028626,6.932546433157137,293.33333333333337,6.837236162443634
68,68,5,recov,0.0009755136227028626,6.932546433157137,293.33333333333337,6.837236162443634
69,69,3,recov,0.0010730649849731491,6.8372362533528115,293.33333333333337,6.837236162443634
70,70,4,recov,0.0010730649849731491,6.8372362533528115,293.33333333333337,6.837236162443634
71,71,5,recov,0.0010730649849731491,6.8372362533528115,293.33333333333337,6.837236162443634
72,72,3,recov,0.001073065082524511,6.837236162443725,293.33333333333337,6.837236162443634
73,73,4,recov,0.001073065082524511,6.837236162443725,293.33333333333337,6.837236162443634
74,74,5,recov,0.001073065082524511,6.837236162443725,293.33333333333337,6.837236162443634
75,75,3,recov,0.0010730650825246089,6.837236162443634,293.33333333333337,6.837236162443634
76,76,4,recov,0.0010730650825246089,6.837236162443634,293.33333333333337,6.837236162443634
77,77,5,recov,0.0010730650825246089,6.837236162443634,293.33333333333337,6.837236162443634
78,78,3,recov,0.0010730650825246089,6.837236162443634,293.33333333333337,6.837236162443634
79,79,4,recov,0.0010730650825246089,6.837236162443634,293.33333333333337,6.837236162443634
80,80,5,recov,0.0010730650825246089,6.837236162443634,293.33333333333337,6.837236162443634
81,81,3,recov,0.0010730650825246089,6.837236162443634,293.33333333333337,6.837236162443634
82,82,4,recov,0.0010730650825246089,6.837236162443634,293.33333333333337,6.837236162443634
83,83,5,recov,0.0010730650825246089,6.837236162443634,293.33333333333337,6.837236162443634
84,84,3,recov,0.0010730650825246089,6.837236162443634,293.33333333333337,6.837236162443634
85,85,4,recov,0.0010730650825246089,6.837236162443634,293.33333333333337,6.837236162443634
86,86,5,recov,0.0010730650825246089,6.837236162443634,293.33333333333337,6.837236162443634
87,87,3,recov,0.0010730650825246089,6.837236162443634,293.33333333333337,6.837236162443634
88,88,4,recov,0.0010730650825246089,6.837236162443634,293.33333333333337,6.837236162443634
89,89,5,recov,0.0010730650825246089,6.837236162443634,293.33333333333337,6.837236162443634
90,90,3,recov,0.0010730650825246089,6.837236162443634,293.33333333333337,6.837236162443634
91,91,4,recov,0.0010730650825246089,6.837236162443634,293.33333333333337,6.837236162443634
92,92,5,recov,0.0010730650825246089,6.837236162443634,293.33333333333337,6.837236162443634
93,93,3,recov,0.0010730650825246089,6.837236162443634,293.33333333333337,6.837236162443634
94,94,4,recov,0.0010730650825246089,6.837236162443634,293.33333333333337,6.837236162443634
95,95,5,recov,0.0010730650825246089,6.837236162443634,293.33333333333337,6.837236162443634
96,96,3,recov,0.0010730650825246089,6.837236162443634,293.33333333333337,6.837236162443634
97,97,4,recov,0.0010730650825246089,6.837236162443634,293.33333333333337,6.837236162443634
98,98,5,recov,0.0010730650825246089,6.837236162443634,293.33333333333337,6.837236162443634
99,99,3,recov,0.0010730650825246089,6.837236162443634,293.33333333333337,6.837236162443634
100,100,4,recov,0.0010730650825246089,6.837236162443634,293.33333333333337,6.837236162443634
101,101,5,recov,0.0010730650825246089,6.837236162443634,293.33333333333337,6.837236162443634
102,102,3,recov,0.0010730650825246089,6.837236162443634,293.33333333333337,6.837236162443634
103,103,4,recov,0.0010730650825246089,6.837236162443634,293.33333333333337,6.837236162443634
104,104,5,recov,0.0010730650825246089,6.837236162443634,293.33333333333337,6.837236162443634
105,105,3,recov,0.0010730650825246089,6.837236162443634,293.33333333333337,6.837236162443634
106,106,4,recov,0.0010730650825246089,6.837236162443634,293.33333333333337,6.837236162443634
107,107,5,recov,0.0010730650825246089,6.837236162443634,293.33333333333337,6.837236162443634
108,108,3,recov,0.0010730650825246089,6.837236162443634,293.33333333333337,6.837236162443634
109,109,4,recov,0.0010730650825246089,6.837236162443634,293.33333333333337,6.837236162443634
110,110,5,recov,0.0010730650825246089,6.837236162443634,293.33333333333337,6.837236162443634
111,111,3,recov,0.0010730650825246089,6.837236162443634,293.33333333333337,6.837236162443634
112,112,4,recov,0.0010730650825246089,6.837236162443634,293.33333333333337,6.837236162443634
113,113,5,recov,0.0010730650825246089,6.837236162443634,293.33333333333337,6.837236162443634
114,114,3,recov,0.0010730650825246089,6.837236162443634,293.33333333333337,6.837236162443634
115,115,4,recov,0.0010730650825246089,6.837236162443634,293.33333333333337,6.837236162443634
116,116,5,recov,0.0010730650825246089,6.837236162443634,293.33333333333337,6.837236162443634
117,117,3,recov,0.0010730650825246089,6.837236162443634,293.33333333333337,6.837236162443634
118,118,4,recov,0.0010730650825246089,6.837236162443634,293.33333333333337,6.837236162443634
119,119,5,recov,0.0010730650825246089,6.837236162443634,293.33333333333337,6.837236162443634
120,120,3,recov,0.0010730650825246089,6.837236162443634,293.33333333333337,6.837236162443634
121,121,4,recov,0.0010730650825246089,6.837236162443634,293.33333333333337,6.837236162443634
122,122,5,recov,0.0010730650825246089,6.837236162443634,293.33333333333337,6.837236162443634
123,123,3,recov,0.0010730650825246089,6.837236162443634,293.33333333333337,6.837236162443634
124,124,4,recov,0.0010730650825246089,6.837236162443634,293.33333333333337,6.837236162443634
125,125,5,recov,0.0010730650825246089,6.837236162443634,293.33333333333337,6.837236162443634
126,126,3,recov,0.0010730650825246089,6.837236162443634,293.33333333333337,6.837236162443634
127,127,4,recov,0.0010730650825246089,6.837236162443634,293.33333333333337,6.837236162443634
128,128,5,recov,0.0010730650825246089,6.837236162443634,293.33333333333337,6.837236162443634
129,129,3,recov,0.0010730650825246089,6.837236162443634,293.33333333333337,6.837236162443634
130,130,4,recov,0.0010730650825246089,6.837236162443634,293.33333333333337,6.837236162443634
131,131,5,recov,0.0010730650825246089,6.837236162443634,293.33333333333337,6.837236162443634
132,132,3,recov,0.0010730650825246089,6.837236162443634,293.33333333333337,6.837236162443634
133,133,4,recov,0.0010730650825246089,6.837236162443634,293.33333333333337,6.837236162443634
134,134,5,recov,0.0010730650825246089,6.837236162443634,293.33333333333337,6.837236162443634
135,135,3,recov,0.0010730650825246089,6.837236162443634,293.33333333333337,6.837236162443634
136,136,4,recov,0.0010730650825246089,6.837236162443634,293.33333333333337,6.837236162443634
137,137,5,recov,0.0010730650825246089,6.837236162443634,293.33333333333337,6.837236162443634
138,138,3,recov,0.0010730650825246089,6.837236162443634,293.33333333333337,6.837236162443634
139,139,4,recov,0.0010730650825246089,6.837236162443634,293.33333333333337,6.837236162443634
140,140,5,recov,0.0010730650825246089,6.837236162443634,293.33333333333337,6.837236162443634
141,141,3,recov,0.0010730650825246089,6.837236162443634,293.33333333333337,6.837236162443634
142,142,4,recov,0.0010730650825246089,6.837236162443634,293.33333333333337,6.837236162443634
143,143,5,recov,0.0010730650825246089,6.837236162443634,293.33333333333337,6.837236162443634
144,144,3,recov,0.0010730650825246089,6.837236162443634,293.33333333333337,6.837236162443634
145,145,4,recov,0.0010730650825246089,6.837236162443634,293.33333333333337,6.837236162443634
146,146,5,recov,0.0010730650825246089,6.837236162443634,293.33333333333337,6.837236162443634
147,147,3,recov,0.0010730650825246089,6.837236162443634,293.33333333333337,6.837236162443634
148,148,4,recov,0.0010730650825246089,6.837236162443634,293.33333333333337,6.837236162443634
149,149,5,recov,0.0010730650825246089,6.837236162443634,293.33333333333337,6.837236162443634
150,150,3,recov,0.0010730650825246089,6.837236162443634,293.33333333333337,6.837236162443634
151,151,4,recov,0.0010730650825246089,6.837236162443634,293.33333333333337,6.837236162443634
152,152,5,recov,0.0010730650825246089,6.837236162443634,293.33333333333337,6.837236162443634
153,153,3,recov,0.0010730650825246089,6.837236162443634,293.33333333333337,6.837236162443634
154,154,4,recov,0.0010730650825246089,6.837236162443634,293.33333333333337,6.837236162443634
155,155,5,recov,0.0010730650825246089,6.837236162443634,293.33333333333337,6.837236162443634
156,156,3,recov,0.0010730650825246089,6.837236162443634,293.33333333333337,6.837236162443634
157,157,4,recov,0.0010730650825246089,6.837236162443634,293.33333333333337,6.837236162443634
158,158,5,recov,0.0010730650825246089,6.837236162443634,293.33333333333337,6.837236162443634
159,159,3,recov,0.0010730650825246089,6.837236162443634,293.33333333333337,6.837236162443634
160,160,4,recov,0.0010730650825246089,6.837236162443634,293.33333333333337,6.837236162443634
161,161,5,recov,0.0010730650825246089,6.837236162443634,293.33333333333337,6.837236162443634
162,162,3,recov,0.0010730650825246089,6.837236162443634,293.33333333333337,6.837236162443634
163,163,4,recov,0.0010730650825246089,6.837236162443634,293.33333333333337,6.837236162443634
164,164,5,recov,0.0010730650825246089,6.837236162443634,293.33333333333337,6.837236162443634
165,165,3,recov,0.0010730650825246089,6.837236162443634,293.33333333333337,6.837236162443634
166,166,4,recov,0.0010730650825246089,6.837236162443634,293.33333333333337,6.837236162443634
167,167,5,recov,0.0010730650825246089,6.837236162443634,293.33333333333337,6.837236162443634
168,168,3,recov,0.0010730650825246089,6.837236162443634,293.33333333333337,6.837236162443634
169,169,4,recov,0.0010730650825246089,6.837236162443634,293.33333333333337,6.837236162443634
170,170,5,recov,0.0010730650825246089,6.837236162443634,293.33333333333337,6.837236162443634
171,171,3,recov,0.0010730650825246089,6.837236162443634,293.33333333333337,6.837236162443634
172,172,4,recov,0.0010730650825246089,6.837236162443634,293.33333333333337,6.837236162443634
173,173,5,recov,0.0010730650825246089,6.837236162443634,293.33333333333337,6.837236162443634
174,174,3,recov,0.0010730650825246089,6.837236162443634,293.33333333333337,6.837236162443634
175,175,4,recov,0.0010730650825246089,6.837236162443634,293.33333333333337,6.837236162443634
176,176,5,recov,0.0010730650825246089,6.837236162443634,293.33333333333337,6.837236162443634
177,177,3,recov,0.0010730650825246089,6.837236162443634,293.33333333333337,6.837236162443634
178,178,4,recov,0.0010730650825246089,6.837236162443634,293.33333333333337,6.837236162443634
179,179,5,recov,0.0010730650825246089,6.837236162443634,293.33333333333337,6.837236162443634
180,180,3,recov,0.0010730650825246089,6.837236162443634,293.33333333333337,6.837236162443634
181,181,4,recov,0.0010730650825246089,6.837236162443634,293.33333333333337,6.837236162443634
182,182,5,recov,0.0010730650825246089,6.837236162443634,293.33333333333337,6.837236162443634
183,183,3,recov,0.0010730650825246089,6.837236162443634,293.33333333333337,6.837236162443634
184,184,4,recov,0.0010730650825246089,6.837236162443634,293.33333333333337,6.837236162443634
185,185,5,recov,0.0010730650825246089,6.837236162443634,293.33333333333337,6.837236162443634
186,186,3,recov,0.0010730650825246089,6.837236162443634,293.33333333333337,6.837236162443634
187,187,4,recov,0.0010730650825246089,6.837236162443634,293.33333333333337,6.837236162443634
188,188,5,recov,0.0010730650825246089,6.837236162443634,293.33333333333337,6.837236162443634
189,189,3,recov,0.0010730650825246089,6.837236162443634,293.33333333333337,6.837236162443634
190,190,4,recov,0.0010730650825246089,6.837236162443634,293.33333333333337,6.837236162443634
191,191,5,recov,0.0010730650825246089,6.837236162443634,293.33333333333337,6.837236162443634
192,192,3,recov,0.0010730650825246089,6.837236162443634,293.33333333333337,6.837236162443634
193,193,4,recov,0.0010730650825246089,6.837236162443634,293.33333333333337,6.837236162443634
194,194,5,recov,0.0010730650825246089,6.837236162443634,293.33333333333337,6.837236162443634
195,195,3,recov,0.0010730650825246089,6.837236162443634,293.33333333333337,6.837236162443634
196,196,4,recov,0.0010730650825246089,6.837236162443634,293.33333333333337,6.837236162443634
197,197,5,recov,0.0010730650825246089,6.837236162443634,293.33333333333337,6.837236162443634
198,198,3,recov,0.0010730650825246089,6.837236162443634,293.33333333333337,6.837236162443634
199,199,4,recov,0.0010730650825246089,6.837236162443634,293.33333333333337,6.837236162443634
200,200,5,recov,0.0010730650825246089,6.837236162443634,293.33333333333337,6.837236162443634
201,201,3,recov,0.0010730650825246089,6.837236162443634,293.33333333333337,6.837236162443634
202,202,4,recov,0.0010730650825246089,6.837236162443634,293.33333333333337,6.837236162443634
203,203,5,recov,0.0010730650825246089,6.837236162443634,293.33333333333337,6.837236162443634
204,204,3,recov,0.0010730650825246089,6.837236162443634,293.33333333333337,6.837236162443634
205,205,4,recov,0.0010730650825246089,6.837236162443634,293.33333333333337,6.837236162443634
206,206,5,recov,0.0010730650825246089,6.837236162443634,293.33333333333337,6.837236162443634
207,207,3,recov,0.0010730650825246089,6.837236162443634,293.33333333333337,6.837236162443634
208,208,4,recov,0.0010730650825246089,6.837236162443634,293.33333333333337,6.837236162443634
209,209,5,recov,0.0010730650825246089,6.837236162443634,293.33333333333337,6.837236162443634
210,210,3,recov,0.0010730650825246089,6.837236162443634,293.33333333333337,6.837236162443634
211,211,4,recov,0.0010730650825246089,6.837236162443634,293.33333333333337,6.837236162443634
212,212,5,recov,0.0010730650825246089,6.837236162443634,293.33333333333337,6.837236162443634
213,213,3,recov,0.0010730650825246089,6.837236162443634,293.33333333333337,6.837236162443634
214,214,4,recov,0.0010730650825246089,6.837236162443634,293.33333333333337,6.837236162443634
215,215,5,recov,0.0010730650825246089,6.837236162443634,293.33333333333337,6.837236162443634
216,216,3,recov,0.0010730650825246089,6.837236162443634,293.33333333333337,6.837236162443634
217,217,4,recov,0.0010730650825246089,6.837236162443634,293.33333333333337,6.837236162443634
218,218,5,recov,0.0010730650825246089,6.837236162443634,293.33333333333337,6.837236162443634
219,219,3,recov,0.0010730650825246089,6.837236162443634,293.33333333333337,6.837236162443634
220,220,4,recov,0.0010730650825246089,6.837236162443634,293.33333333333337,6.837236162443634
221,221,5,recov,0.0010730650825246089,6.837236162443634,293.33333333333337,6.837236162443634
222,222,3,recov,0.0010730650825246089,6.837236162443634,293.33333333333337,6.837236162443634
223,223,4,recov,0.0010730650825246089,6.837236162443634,293.33333333333337,6.837236162443634
224,224,5,recov,0.0010730650825246089,6.837236162443634,293.33333333333337,6.837236162443634
225,225,3,recov,0.0010730650825246089,6.837236162443634,293.33333333333337,6.837236162443634
226,226,4,recov,0.0010730650825246089,6.837236162443634,293.33333333333337,6.837236162443634
227,227,5,recov,0.0010730650825246089,6.837236162443634,293.33333333333337,6.837236162443634
228,228,3,recov,0.0010730650825246089,6.837236162443634,293.33333333333337,6.837236162443634
229,229,4,recov,0.0010730650825246089,6.837236162443634,293.33333333333337,6.837236162443634
230,230,5,recov,0.0010730650825246089,6.837236162443634,293.33333333333337,6.837236162443634
231,231,3,recov,0.0010730650825246089,6.837236162443634,293.33333333333337,6.837236162443634
232,232,4,recov,0.0010730650825246089,6.837236162443634,293.33333333333337,6.837236162443634
233,233,5,recov,0.0010730650825246089,6.837236162443634,293.33333333333337,6.837236162443634
234,234,3,recov,0.0010730650825246089,6.837236162443634,293.33333333333337,6.837236162443634
235,235,4,recov,0.0010730650825246089,6.837236162443634,293.33333333333337,6.837236162443634
236,236,5,recov,0.0010730650825246089,6.837236162443634,293.33333333333337,6.837236162443634
237,237,3,recov,0.0010730650825246089,6.837236162443634,293.33333333333337,6.837236162443634
238,238,4,recov,0.0010730650825246089,6.837236162443634,293.33333333333337,6.837236162443634
239,239,5,recov,0.0010730650825246089,6.837236162443634,293.33333333333337,6.837236162443634
240,240,3,recov,0.0010730650825246089,6.837236162443634,293.33333333333337,6.837236162443634
241,241,4,recov,0.0010730650825246089,6.837236162443634,293.33333333333337,6.837236162443634
242,242,5,recov,0.0010730650825246089,6.837236162443634,293.33333333333337,6.837236162443634
243,243,3,recov,0.0010730650825246089,6.837236162443634,293.33333333333337,6.837236162443634
244,244,4,recov,0.0010730650825246089,6.837236162443634,293.33333333333337,6.837236162443634
245,245,5,recov,0.0010730650825246089,6.837236162443634,293.33333333333337,6.837236162443634
246,246,3,recov,0.0010730650825246089,6.837236162443634,293.33333333333337,6.837236162443634
247,247,4,recov,0.0010730650825246089,6.837236162443634,293.33333333333337,6.837236162443634
248,248,5,recov,0.0010730650825246089,6.837236162443634,293.33333333333337,6.837236162443634
249,249,3,recov,0.0010730650825246089,6.837236162443634,293.33333333333337,6.837236162443634
250,250,4,recov,0.0010730650825246089,6.837236162443634,293.33333333333337,6.837236162443634
251,251,5,recov,0.0010730650825246089,6.837236162443634,293.33333333333337,6.837236162443634
252,252,3,recov,0.0010730650825246089,6.837236162443634,293.33333333333337,6.837236162443634
253,253,4,recov,0.0010730650825246089,6.837236162443634,293.33333333333337,6.837236162443634
254,254,5,recov,0.0010730650825246089,6.837236162443634,293.33333333333337,6.837236162443634
255,255,3,recov,0.0010730650825246089,6.837236162443634,293.33333333333337,6.837236162443634
256,256,4,recov,0.0010730650825246089,6.837236162443634,293.33333333333337,6.837236162443634
257,257,5,recov,0.0010730650825246089,6.837236162443634,293.33333333333337,6.837236162443634
258,258,3,recov,0.0010730650825246089,6.837236162443634,293.33333333333337,6.837236162443634
259,259,4,recov,0.0010730650825246089,6.837236162443634,293.33333333333337,6.837236162443634
260,260,5,recov,0.0010730650825246089,6.837236162443634,293.33333333333337,6.837236162443634
261,261,3,recov,0.0010730650825246089,6.837236162443634,293.33333333333337,6.837236162443634
262,262,4,recov,0.0010730650825246089,6.837236162443634,293.33333333333337,6.837236162443634
263,263,5,recov,0.0010730650825246089,6.837236162443634,293.33333333333337,6.837236162443634
264,264,3,recov,0.0010730650825246089,6.837236162443634,293.33333333333337,6.837236162443634
265,265,4,recov,0.0010730650825246089,6.837236162443634,293.33333333333337,6.837236162443634
266,266,5,recov,0.0010730650825246089,6.837236162443634,293.33333333333337,6.837236162443634
267,267,3,recov,0.0010730650825246089,6.837236162443634,293.33333333333337,6.837236162443634
268,268,4,recov,0.0010730650825246089,6.837236162443634,293.33333333333337,6.837236162443634
269,269,5,recov,0.0010730650825246089,6.837236162443634,293.33333333333337,6.837236162443634
270,270,3,recov,0.0010730650825246089,6.837236162443634,293.33333333333337,6.837236162443634
271,271,4,recov,0.0010730650825246089,6.837236162443634,293.33333333333337,6.837236162443634
272,272,5,recov,0.0010730650825246089,6.837236162443634,293.33333333333337,6.837236162443634
273,273,3,recov,0.0010730650825246089,6.837236162443634,293.33333333333337,6.837236162443634
274,274,4,recov,0.0010730650825246089,6.837236162443634,293.33333333333337,6.837236162443634
275,275,5,recov,0.0010730650825246089,6.837236162443634,293.33333333333337,6.837236162443634
276,276,3,recov,0.0010730650825246089,6.837236162443634,293.33333333333337,6.837236162443634
277,277,4,recov,0.0010730650825246089,6.837236162443634,293.33333333333337,6.837236162443634
278,278,5,recov,0.0010730650825246089,6.837236162443634,293.33333333333337,6.837236162443634
279,279,3,recov,0.0010730650825246089,6.837236162443634,293.33333333333337,6.837236162443634
280,280,4,recov,0.0010730650825246089,6.837236162443634,293.33333333333337,6.837236162443634
281,281,5,recov,0.0010730650825246089,6.837236162443634,293.33333333333337,6.837236162443634
282,282,3,recov,0.0010730650825246089,6.837236162443634,293.33333333333337,6.837236162443634
283,283,4,recov,0.0010730650825246089,6.837236162443634,293.33333333333337,6.837236162443634
284,284,5,recov,0.0010730650825246089,6.837236162443634,293.33333333333337,6.837236162443634
285,285,3,recov,0.0010730650825246089,6.837236162443634,293.33333333333337,6.837236162443634
286,286,4,recov,0.0010730650825246089,6.837236162443634,293.33333333333337,6.837236162443634
287,287,5,recov,0.0010730650825246089,6.837236162443634,293.33333333333337,6.837236162443634
288,288,3,recov,0.0010730650825246089,6.837236162443634,293.33333333333337,6.837236162443634
289,289,4,recov,0.0010730650825246089,6.837236162443634,293.33333333333337,6.837236162443634
290,290,5,recov,0.0010730650825246089,6.837236162443634,293.33333333333337,6.837236162443634
291,291,3,recov,0.0010730650825246089,6.837236162443634,293.33333333333337,6.837236162443634
292,292,4,recov,0.0010730650825246089,6.837236162443634,293.33333333333337,6.837236162443634
293,293,5,recov,0.0010730650825246089,6.837236162443634,293.33333333333337,6.837236162443634
294,294,3,recov,0.0010730650825246089,6.837236162443634,293.33333333333337,6.837236162443634
295,295,4,recov,0.0010730650825246089,6.837236162443634,293.33333333333337,6.837236162443634
296,296,5,recov,0.0010730650825246089,6.837236162443634,293.33333333333337,6.837236162443634
297,297,3,recov,0.0010730650825246089,6.837236162443634,293.33333333333337,6.837236162443634
298,298,4,recov,0.0010730650825246089,6.837236162443634,293.33333333333337,6.837236162443634
299,299,5,recov,0.0010730650825246089,6.837236162443634,293.33333333333337,6.837236162443634
300,300,3,recov,0.0010730650825246089,6.837236162443634,293.33333333333337,6.837236162443634
301,301,4,recov,0.0010730650825246089,6.837236162443634,293.33333333333337,6.837236162443634
302,302,5,recov,0.0010730650825246089,6.837236162443634,293.33333333333337,6.837236162443634
303,303,3,recov,0.0010730650825246089,6.837236162443634,293.33333333333337,6.837236162443634
304,304,4,recov,0.0010730650825246089,6.837236162443634,293.33333333333337,6.837236162443634
305,305,5,recov,0.0010730650825246089,6.837236162443634,293.33333333333337,6.837236162443634
306,306,3,recov,0.0010730650825246089,6.837236162443634,293.33333333333337,6.837236162443634
307,307,4,recov,0.0010730650825246089,6.837236162443634,293.33333333333337,6.837236162443634
308,308,5,recov,0.0010730650825246089,6.837236162443634,293.33333333333337,6.837236162443634
309,309,3,recov,0.0010730650825246089,6.837236162443634,293.33333333333337,6.837236162443634
310,310,4,recov,0.0010730650825246089,6.837236162443634,293.33333333333337,6.837236162443634
311,311,5,recov,0.0010730650825246089,6.837236162443634,293.33333333333337,6.837236162443634
312,312,3,recov,0.0010730650825246089,6.837236162443634,293.33333333333337,6.837236162443634
313,313,4,recov,0.0010730650825246089,6.837236162443634,293.33333333333337,6.837236162443634
314,314,5,recov,0.0010730650825246089,6.837236162443634,293.33333333333337,6.837236162443634
315,315,3,recov,0.0010730650825246089,6.837236162443634,293.33333333333337,6.837236162443634
316,316,4,recov,0.0010730650825246089,6.837236162443634,293.33333333333337,6.837236162443634
317,317,5,recov,0.0010730650825246089,6.837236162443634,293.33333333333337,6.837236162443634
318,318,3,recov,0.0010730650825246089,6.837236162443634,293.33333333333337,6.837236162443634
319,319,4,recov,0.0010730650825246089,6.837236162443634,293.33333333333337,6.837236162443634
320,320,5,recov,0.0010730650825246089,6.837236162443634,293.33333333333337,6.837236162443634
321,321,3,recov,0.0010730650825246089,6.837236162443634,293.33333333333337,6.837236162443634
322,322,4,recov,0.0010730650825246089,6.837236162443634,293.33333333333337,6.837236162443634
323,323,5,recov,0.0010730650825246089,6.837236162443634,293.33333333333337,6.837236162443634
324,324,3,recov,0.0010730650825246089,6.837236162443634,293.33333333333337,6.837236162443634
325,325,4,recov,0.0010730650825246089,6.837236162443634,293.33333333333337,6.837236162443634
326,326,5,recov,0.0010730650825246089,6.837236162443634,293.33333333333337,6.837236162443634
327,327,3,recov,0.0010730650825246089,6.837236162443634,293.33333333333337,6.837236162443634
328,328,4,recov,0.0010730650825246089,6.837236162443634,293.33333333333337,6.837236162443634
329,329,5,recov,0.0010730650825246089,6.837236162443634,293.33333333333337,6.837236162443634
330,330,3,recov,0.0010730650825246089,6.837236162443634,293.33333333333337,6.837236162443634
331,331,4,recov,0.0010730650825246089,6.837236162443634,293.33333333333337,6.837236162443634
332,332,5,recov,0.0010730650825246089,6.837236162443634,293.33333333333337,6.837236162443634
333,333,3,recov,0.0010730650825246089,6.837236162443634,293.33333333333337,6.837236162443634
334,334,4,recov,0.0010730650825246089,6.837236162443634,293.33333333333337,6.837236162443634
335,335,5,recov,0.0010730650825246089,6.837236162443634,293.33333333333337,6.837236162443634
336,336,3,recov,0.0010730650825246089,6.837236162443634,293.33333333333337,6.837236162443634
337,337,4,recov,0.0010730650825246089,6.837236162443634,293.33333333333337,6.837236162443634
338,338,5,recov,0.0010730650825246089,6.837236162443634,293.33333333333337,6.837236162443634
339,339,3,recov,0.0010730650825246089,6.837236162443634,293.33333333333337,6.837236162443634
340,340,4,recov,0.0010730650825246089,6.837236162443634,293.33333333333337,6.837236162443634
341,341,5,recov,0.0010730650825246089,6.837236162443634,293.33333333333337,6.837236162443634
342,342,3,recov,0.0010730650825246089,6.837236162443634,293.33333333333337,6.837236162443634
343,343,4,recov,0.0010730650825246089,6.837236162443634,293.33333333333337,6.837236162443634
344,344,5,recov,0.0010730650825246089,6.837236162443634,293.33333333333337,6.837236162443634
345,345,3,recov,0.0010730650825246089,6.837236162443634,293.33333333333337,6.837236162443634
346,346,4,recov,0.0010730650825246089,6.837236162443634,293.33333333333337,6.837236162443634
347,347,5,recov,0.0010730650825246089,6.837236162443634,293.33333333333337,6.837236162443634
348,348,3,recov,0.0010730650825246089,6.837236162443634,293.33333333333337,6.837236162443634
349,349,4,recov,0.0010730650825246089,6.837236162443634,293.33333333333337,6.837236162443634
350,350,5,recov,0.0010730650825246089,6.837236162443634,293.33333333333337,6.837236162443634
351,351,3,recov,0.0010730650825246089,6.837236162443634,293.33333333333337,6.837236162443634
352,352,4,recov,0.0010730650825246089,6.837236162443634,293.33333333333337,6.837236162443634
353,353,5,recov,0.0010730650825246089,6.837236162443634,293.33333333333337,6.837236162443634
354,354,3,recov,0.0010730650825246089,6.837236162443634,293.33333333333337,6.837236162443634
355,355,4,recov,0.0010730650825246089,6.837236162443634,293.33333333333337,6.837236162443634
356,356,5,recov,0.0010730650825246089,6.837236162443634,293.33333333333337,6.837236162443634
357,357,3,recov,0.0010730650825246089,6.837236162443634,293.33333333333337,6.837236162443634
358,358,4,recov,0.0010730650825246089,6.837236162443634,293.33333333333337,6.837236162443634
359,359,5,recov,0.0010730650825246089,6.837236162443634,293.33333333333337,6.837236162443634
360,360,0,fam_r,0.0009755136227028626,6.932546433157137,293.33333333333337,6.837236162443634
361,361,1,fam_r,0.0009755136227028626,6.932546433157137,293.33333333333337,6.837236162443634
362,362,2,fam_r,0.0009755136227028626,6.932546433157137,293.33333333333337,6.837236162443634
363,363,0,fam_r,0.0010730649849731491,6.8372362533528115,293.33333333333337,6.837236162443634
364,364,1,fam_r,0.0010730649849731491,6.8372362533528115,293.33333333333337,6.837236162443634
365,365,2,fam_r,0.0010730649849731491,6.8372362533528115,293.33333333333337,6.837236162443634
366,366,0,fam_r,0.001073065082524511,6.837236162443725,293.33333333333337,6.837236162443634
367,367,1,fam_r,0.001073065082524511,6.837236162443725,293.33333333333337,6.837236162443634
368,368,2,fam_r,0.001073065082524511,6.837236162443725,293.33333333333337,6.837236162443634
369,369,0,fam_r,0.0010730650825246089,6.837236162443634,293.33333333333337,6.837236162443634
370,370,1,fam_r,0.0010730650825246089,6.837236162443634,293.33333333333337,6.837236162443634
371,371,2,fam_r,0.0010730650825246089,6.837236162443634,293.33333333333337,6.837236162443634
372,372,0,fam_r,0.0010730650825246089,6.837236162443634,293.33333333333337,6.837236162443634
373,373,1,fam_r,0.0010730650825246089,6.837236162443634,293.33333333333337,6.837236162443634
374,374,2,fam_r,0.0010730650825246089,6.837236162443634,293.33333333333337,6.837236162443634
0,0,0,fam,0.06666666666666667,2.70805020110221,366.6666666666667,6.837236162443634
1,1,1,fam,0.0009852216748768474,6.922643891475888,366.6666666666667,6.837236162443634
2,2,2,fam,0.0009756097560975611,6.932447891572508,366.6666666666667,6.837236162443634
3,3,0,fam,0.0010730660423373334,6.83723526798503,366.6666666666667,6.837236162443634
4,4,1,fam,0.0010730649955467807,6.837236243499139,366.6666666666667,6.837236162443634
5,5,2,fam,0.0010730649850788853,6.837236253254275,366.6666666666667,6.837236162443634
6,6,0,fam,0.0010730650825255684,6.83723616244274,366.6666666666667,6.837236162443634
7,7,1,fam,0.001073065082524522,6.837236162443715,366.6666666666667,6.837236162443634
8,8,2,fam,0.0010730650825245113,6.837236162443725,366.6666666666667,6.837236162443634
9,9,0,fam,0.0010730650825246089,6.837236162443634,366.6666666666667,6.837236162443634
10,10,1,fam,0.0010730650825246089,6.837236162443634,366.6666666666667,6.837236162443634
11,11,2,fam,0.0010730650825246089,6.837236162443634,366.6666666666667,6.837236162443634
12,12,0,fam,0.0010730650825246089,6.837236162443634,366.6666666666667,6.837236162443634
13,13,1,fam,0.0010730650825246089,6.837236162443634,366.6666666666667,6.837236162443634
14,14,2,fam,0.0010730650825246089,6.837236162443634,366.6666666666667,6.837236162443634
15,15,0,fam,0.0010730650825246089,6.837236162443634,366.6666666666667,6.837236162443634
16,16,1,fam,0.0010730650825246089,6.837236162443634,366.6666666666667,6.837236162443634
17,17,2,fam,0.0010730650825246089,6.837236162443634,366.6666666666667,6.837236162443634
18,18,0,fam,0.0010730650825246089,6.837236162443634,366.6666666666667,6.837236162443634
19,19,1,fam,0.0010730650825246089,6.837236162443634,366.6666666666667,6.837236162443634
20,20,2,fam,0.0010730650825246089,6.837236162443634,366.6666666666667,6.837236162443634
21,21,0,fam,0.0010730650825246089,6.837236162443634,366.6666666666667,6.837236162443634
22,22,1,fam,0.0010730650825246089,6.837236162443634,366.6666666666667,6.837236162443634
23,23,2,fam,0.0010730650825246089,6.837236162443634,366.6666666666667,6.837236162443634
24,24,0,fam,0.0010730650825246089,6.837236162443634,366.6666666666667,6.837236162443634
25,25,1,fam,0.0010730650825246089,6.837236162443634,366.6666666666667,6.837236162443634
26,26,2,fam,0.0010730650825246089,6.837236162443634,366.6666666666667,6.837236162443634
27,27,0,fam,0.0010730650825246089,6.837236162443634,366.6666666666667,6.837236162443634
28,28,1,fam,0.0010730650825246089,6.837236162443634,366.6666666666667,6.837236162443634
29,29,2,fam,0.0010730650825246089,6.837236162443634,366.6666666666667,6.837236162443634
30,30,0,fam,0.0010730650825246089,6.837236162443634,366.6666666666667,6.837236162443634
31,31,1,fam,0.0010730650825246089,6.837236162443634,366.6666666666667,6.837236162443634
32,32,2,fam,0.0010730650825246089,6.837236162443634,366.6666666666667,6.837236162443634
33,33,0,fam,0.0010730650825246089,6.837236162443634,366.6666666666667,6.837236162443634
34,34,1,fam,0.0010730650825246089,6.837236162443634,366.6666666666667,6.837236162443634
35,35,2,fam,0.0010730650825246089,6.837236162443634,366.6666666666667,6.837236162443634
36,36,0,fam,0.0010730650825246089,6.837236162443634,366.6666666666667,6.837236162443634
37,37,1,fam,0.0010730650825246089,6.837236162443634,366.6666666666667,6.837236162443634
38,38,2,fam,0.0010730650825246089,6.837236162443634,366.6666666666667,6.837236162443634
39,39,0,fam,0.0010730650825246089,6.837236162443634,366.6666666666667,6.837236162443634
40,40,1,fam,0.0010730650825246089,6.837236162443634,366.6666666666667,6.837236162443634
41,41,2,fam,0.0010730650825246089,6.837236162443634,366.6666666666667,6.837236162443634
42,42,0,fam,0.0010730650825246089,6.837236162443634,366.6666666666667,6.837236162443634
43,43,1,fam,0.0010730650825246089,6.837236162443634,366.6666666666667,6.837236162443634
44,44,2,fam,0.0010730650825246089,6.837236162443634,366.6666666666667,6.837236162443634
45,45,0,fam,0.0010730650825246089,6.837236162443634,366.6666666666667,6.837236162443634
46,46,1,fam,0.0010730650825246089,6.837236162443634,366.6666666666667,6.837236162443634
47,47,2,fam,0.0010730650825246089,6.837236162443634,366.6666666666667,6.837236162443634
48,48,0,fam,0.0010730650825246089,6.837236162443634,366.6666666666667,6.837236162443634
49,49,1,fam,0.0010730650825246089,6.837236162443634,366.6666666666667,6.837236162443634
50,50,2,fam,0.0010730650825246089,6.837236162443634,366.6666666666667,6.837236162443634
51,51,0,fam,0.0010730650825246089,6.837236162443634,366.6666666666667,6.837236162443634
52,52,1,fam,0.0010730650825246089,6.837236162443634,366.6666666666667,6.837236162443634
53,53,2,fam,0.0010730650825246089,6.837236162443634,366.6666666666667,6.837236162443634
54,54,0,fam,0.0010730650825246089,6.837236162443634,366.6666666666667,6.837236162443634
55,55,1,fam,0.0010730650825246089,6.837236162443634,366.6666666666667,6.837236162443634
56,56,2,fam,0.0010730650825246089,6.837236162443634,366.6666666666667,6.837236162443634
57,57,0,fam,0.0010730650825246089,6.837236162443634,366.6666666666667,6.837236162443634
58,58,1,fam,0.0010730650825246089,6.837236162443634,366.6666666666667,6.837236162443634
59,59,2,fam,0.0010730650825246089,6.837236162443634,366.6666666666667,6.837236162443634
60,60,0,fam,0.0010730650825246089,6.837236162443634,366.6666666666667,6.837236162443634
61,61,1,fam,0.0010730650825246089,6.837236162443634,366.6666666666667,6.837236162443634
62,62,2,fam,0.0010730650825246089,6.837236162443634,366.6666666666667,6.837236162443634
63,63,0,fam,0.0010730650825246089,6.837236162443634,366.6666666666667,6.837236162443634
64,64,1,fam,0.0010730650825246089,6.837236162443634,366.6666666666667,6.837236162443634
65,65,2,fam,0.0010730650825246089,6.837236162443634,366.6666666666667,6.837236162443634
66,66,3,recov,0.0009755136227028626,6.932546433157137,366.6666666666667,6.837236162443634
67,67,4,recov,0.0009755136227028626,6.932546433157137,366.6666666666667,6.837236162443634
68,68,5,recov,0.0009755136227028626,6.932546433157137,366.6666666666667,6.837236162443634
69,69,3,recov,0.0010730649849731491,6.8372362533528115,366.6666666666667,6.837236162443634
70,70,4,recov,0.0010730649849731491,6.8372362533528115,366.6666666666667,6.837236162443634
71,71,5,recov,0.0010730649849731491,6.8372362533528115,366.6666666666667,6.837236162443634
72,72,3,recov,0.001073065082524511,6.837236162443725,366.6666666666667,6.837236162443634
73,73,4,recov,0.001073065082524511,6.837236162443725,366.6666666666667,6.837236162443634
74,74,5,recov,0.001073065082524511,6.837236162443725,366.6666666666667,6.837236162443634
75,75,3,recov,0.0010730650825246089,6.837236162443634,366.6666666666667,6.837236162443634
76,76,4,recov,0.0010730650825246089,6.837236162443634,366.6666666666667,6.837236162443634
77,77,5,recov,0.0010730650825246089,6.837236162443634,366.6666666666667,6.837236162443634
78,78,3,recov,0.0010730650825246089,6.837236162443634,366.6666666666667,6.837236162443634
79,79,4,recov,0.0010730650825246089,6.837236162443634,366.6666666666667,6.837236162443634
80,80,5,recov,0.0010730650825246089,6.837236162443634,366.6666666666667,6.837236162443634
81,81,3,recov,0.0010730650825246089,6.837236162443634,366.6666666666667,6.837236162443634
82,82,4,recov,0.0010730650825246089,6.837236162443634,366.6666666666667,6.837236162443634
83,83,5,recov,0.0010730650825246089,6.837236162443634,366.6666666666667,6.837236162443634
84,84,3,recov,0.0010730650825246089,6.837236162443634,366.6666666666667,6.837236162443634
85,85,4,recov,0.0010730650825246089,6.837236162443634,366.6666666666667,6.837236162443634
86,86,5,recov,0.0010730650825246089,6.837236162443634,366.6666666666667,6.837236162443634
87,87,3,recov,0.0010730650825246089,6.837236162443634,366.6666666666667,6.837236162443634
88,88,4,recov,0.0010730650825246089,6.837236162443634,366.6666666666667,6.837236162443634
89,89,5,recov,0.0010730650825246089,6.837236162443634,366.6666666666667,6.837236162443634
90,90,3,recov,0.0010730650825246089,6.837236162443634,366.6666666666667,6.837236162443634
91,91,4,recov,0.0010730650825246089,6.837236162443634,366.6666666666667,6.837236162443634
92,92,5,recov,0.0010730650825246089,6.837236162443634,366.6666666666667,6.837236162443634
93,93,3,recov,0.0010730650825246089,6.837236162443634,366.6666666666667,6.837236162443634
94,94,4,recov,0.0010730650825246089,6.837236162443634,366.6666666666667,6.837236162443634
95,95,5,recov,0.0010730650825246089,6.837236162443634,366.6666666666667,6.837236162443634
96,96,3,recov,0.0010730650825246089,6.837236162443634,366.6666666666667,6.837236162443634
97,97,4,recov,0.0010730650825246089,6.837236162443634,366.6666666666667,6.837236162443634
98,98,5,recov,0.0010730650825246089,6.837236162443634,366.6666666666667,6.837236162443634
99,99,3,recov,0.0010730650825246089,6.837236162443634,366.6666666666667,6.837236162443634
100,100,4,recov,0.0010730650825246089,6.837236162443634,366.6666666666667,6.837236162443634
101,101,5,recov,0.0010730650825246089,6.837236162443634,366.6666666666667,6.837236162443634
102,102,3,recov,0.0010730650825246089,6.837236162443634,366.6666666666667,6.837236162443634
103,103,4,recov,0.0010730650825246089,6.837236162443634,366.6666666666667,6.837236162443634
104,104,5,recov,0.0010730650825246089,6.837236162443634,366.6666666666667,6.837236162443634
105,105,3,recov,0.0010730650825246089,6.837236162443634,366.6666666666667,6.837236162443634
106,106,4,recov,0.0010730650825246089,6.837236162443634,366.6666666666667,6.837236162443634
107,107,5,recov,0.0010730650825246089,6.837236162443634,366.6666666666667,6.837236162443634
108,108,3,recov,0.0010730650825246089,6.837236162443634,366.6666666666667,6.837236162443634
109,109,4,recov,0.0010730650825246089,6.837236162443634,366.6666666666667,6.837236162443634
110,110,5,recov,0.0010730650825246089,6.837236162443634,366.6666666666667,6.837236162443634
111,111,3,recov,0.0010730650825246089,6.837236162443634,366.6666666666667,6.837236162443634
112,112,4,recov,0.0010730650825246089,6.837236162443634,366.6666666666667,6.837236162443634
113,113,5,recov,0.0010730650825246089,6.837236162443634,366.6666666666667,6.837236162443634
114,114,3,recov,0.0010730650825246089,6.837236162443634,366.6666666666667,6.837236162443634
115,115,4,recov,0.0010730650825246089,6.837236162443634,366.6666666666667,6.837236162443634
116,116,5,recov,0.0010730650825246089,6.837236162443634,366.6666666666667,6.837236162443634
117,117,3,recov,0.0010730650825246089,6.837236162443634,366.6666666666667,6.837236162443634
118,118,4,recov,0.0010730650825246089,6.837236162443634,366.6666666666667,6.837236162443634
119,119,5,recov,0.0010730650825246089,6.837236162443634,366.6666666666667,6.837236162443634
120,120,3,recov,0.0010730650825246089,6.837236162443634,366.6666666666667,6.837236162443634
121,121,4,recov,0.0010730650825246089,6.837236162443634,366.6666666666667,6.837236162443634
122,122,5,recov,0.0010730650825246089,6.837236162443634,366.6666666666667,6.837236162443634
123,123,3,recov,0.0010730650825246089,6.837236162443634,366.6666666666667,6.837236162443634
124,124,4,recov,0.0010730650825246089,6.837236162443634,366.6666666666667,6.837236162443634
125,125,5,recov,0.0010730650825246089,6.837236162443634,366.6666666666667,6.837236162443634
126,126,3,recov,0.0010730650825246089,6.837236162443634,366.6666666666667,6.837236162443634
127,127,4,recov,0.0010730650825246089,6.837236162443634,366.6666666666667,6.837236162443634
128,128,5,recov,0.0010730650825246089,6.837236162443634,366.6666666666667,6.837236162443634
129,129,3,recov,0.0010730650825246089,6.837236162443634,366.6666666666667,6.837236162443634
130,130,4,recov,0.0010730650825246089,6.837236162443634,366.6666666666667,6.837236162443634
131,131,5,recov,0.0010730650825246089,6.837236162443634,366.6666666666667,6.837236162443634
132,132,3,recov,0.0010730650825246089,6.837236162443634,366.6666666666667,6.837236162443634
133,133,4,recov,0.0010730650825246089,6.837236162443634,366.6666666666667,6.837236162443634
134,134,5,recov,0.0010730650825246089,6.837236162443634,366.6666666666667,6.837236162443634
135,135,3,recov,0.0010730650825246089,6.837236162443634,366.6666666666667,6.837236162443634
136,136,4,recov,0.0010730650825246089,6.837236162443634,366.6666666666667,6.837236162443634
137,137,5,recov,0.0010730650825246089,6.837236162443634,366.6666666666667,6.837236162443634
138,138,3,recov,0.0010730650825246089,6.837236162443634,366.6666666666667,6.837236162443634
139,139,4,recov,0.0010730650825246089,6.837236162443634,366.6666666666667,6.837236162443634
140,140,5,recov,0.0010730650825246089,6.837236162443634,366.6666666666667,6.837236162443634
141,141,3,recov,0.0010730650825246089,6.837236162443634,366.6666666666667,6.837236162443634
142,142,4,recov,0.0010730650825246089,6.837236162443634,366.6666666666667,6.837236162443634
143,143,5,recov,0.0010730650825246089,6.837236162443634,366.6666666666667,6.837236162443634
144,144,3,recov,0.0010730650825246089,6.837236162443634,366.6666666666667,6.837236162443634
145,145,4,recov,0.0010730650825246089,6.837236162443634,366.6666666666667,6.837236162443634
146,146,5,recov,0.0010730650825246089,6.837236162443634,366.6666666666667,6.837236162443634
147,147,3,recov,0.0010730650825246089,6.837236162443634,366.6666666666667,6.837236162443634
148,148,4,recov,0.0010730650825246089,6.837236162443634,366.6666666666667,6.837236162443634
149,149,5,recov,0.0010730650825246089,6.837236162443634,366.6666666666667,6.837236162443634
150,150,3,recov,0.0010730650825246089,6.837236162443634,366.6666666666667,6.837236162443634
151,151,4,recov,0.0010730650825246089,6.837236162443634,366.6666666666667,6.837236162443634
152,152,5,recov,0.0010730650825246089,6.837236162443634,366.6666666666667,6.837236162443634
153,153,3,recov,0.0010730650825246089,6.837236162443634,366.6666666666667,6.837236162443634
154,154,4,recov,0.0010730650825246089,6.837236162443634,366.6666666666667,6.837236162443634
155,155,5,recov,0.0010730650825246089,6.837236162443634,366.6666666666667,6.837236162443634
156,156,3,recov,0.0010730650825246089,6.837236162443634,366.6666666666667,6.837236162443634
157,157,4,recov,0.0010730650825246089,6.837236162443634,366.6666666666667,6.837236162443634
158,158,5,recov,0.0010730650825246089,6.837236162443634,366.6666666666667,6.837236162443634
159,159,3,recov,0.0010730650825246089,6.837236162443634,366.6666666666667,6.837236162443634
160,160,4,recov,0.0010730650825246089,6.837236162443634,366.6666666666667,6.837236162443634
161,161,5,recov,0.0010730650825246089,6.837236162443634,366.6666666666667,6.837236162443634
162,162,3,recov,0.0010730650825246089,6.837236162443634,366.6666666666667,6.837236162443634
163,163,4,recov,0.0010730650825246089,6.837236162443634,366.6666666666667,6.837236162443634
164,164,5,recov,0.0010730650825246089,6.837236162443634,366.6666666666667,6.837236162443634
165,165,3,recov,0.0010730650825246089,6.837236162443634,366.6666666666667,6.837236162443634
166,166,4,recov,0.0010730650825246089,6.837236162443634,366.6666666666667,6.837236162443634
167,167,5,recov,0.0010730650825246089,6.837236162443634,366.6666666666667,6.837236162443634
168,168,3,recov,0.0010730650825246089,6.837236162443634,366.6666666666667,6.837236162443634
169,169,4,recov,0.0010730650825246089,6.837236162443634,366.6666666666667,6.837236162443634
170,170,5,recov,0.0010730650825246089,6.837236162443634,366.6666666666667,6.837236162443634
171,171,3,recov,0.0010730650825246089,6.837236162443634,366.6666666666667,6.837236162443634
172,172,4,recov,0.0010730650825246089,6.837236162443634,366.6666666666667,6.837236162443634
173,173,5,recov,0.0010730650825246089,6.837236162443634,366.6666666666667,6.837236162443634
174,174,3,recov,0.0010730650825246089,6.837236162443634,366.6666666666667,6.837236162443634
175,175,4,recov,0.0010730650825246089,6.837236162443634,366.6666666666667,6.837236162443634
176,176,5,recov,0.0010730650825246089,6.837236162443634,366.6666666666667,6.837236162443634
177,177,3,recov,0.0010730650825246089,6.837236162443634,366.6666666666667,6.837236162443634
178,178,4,recov,0.0010730650825246089,6.837236162443634,366.6666666666667,6.837236162443634
179,179,5,recov,0.0010730650825246089,6.837236162443634,366.6666666666667,6.837236162443634
180,180,3,recov,0.0010730650825246089,6.837236162443634,366.6666666666667,6.837236162443634
181,181,4,recov,0.0010730650825246089,6.837236162443634,366.6666666666667,6.837236162443634
182,182,5,recov,0.0010730650825246089,6.837236162443634,366.6666666666667,6.837236162443634
183,183,3,recov,0.0010730650825246089,6.837236162443634,366.6666666666667,6.837236162443634
184,184,4,recov,0.0010730650825246089,6.837236162443634,366.6666666666667,6.837236162443634
185,185,5,recov,0.0010730650825246089,6.837236162443634,366.6666666666667,6.837236162443634
186,186,3,recov,0.0010730650825246089,6.837236162443634,366.6666666666667,6.837236162443634
187,187,4,recov,0.0010730650825246089,6.837236162443634,366.6666666666667,6.837236162443634
188,188,5,recov,0.0010730650825246089,6.837236162443634,366.6666666666667,6.837236162443634
189,189,3,recov,0.0010730650825246089,6.837236162443634,366.6666666666667,6.837236162443634
190,190,4,recov,0.0010730650825246089,6.837236162443634,366.6666666666667,6.837236162443634
191,191,5,recov,0.0010730650825246089,6.837236162443634,366.6666666666667,6.837236162443634
192,192,3,recov,0.0010730650825246089,6.837236162443634,366.6666666666667,6.837236162443634
193,193,4,recov,0.0010730650825246089,6.837236162443634,366.6666666666667,6.837236162443634
194,194,5,recov,0.0010730650825246089,6.837236162443634,366.6666666666667,6.837236162443634
195,195,3,recov,0.0010730650825246089,6.837236162443634,366.6666666666667,6.837236162443634
196,196,4,recov,0.0010730650825246089,6.837236162443634,366.6666666666667,6.837236162443634
197,197,5,recov,0.0010730650825246089,6.837236162443634,366.6666666666667,6.837236162443634
198,198,3,recov,0.0010730650825246089,6.837236162443634,366.6666666666667,6.837236162443634
199,199,4,recov,0.0010730650825246089,6.837236162443634,366.6666666666667,6.837236162443634
200,200,5,recov,0.0010730650825246089,6.837236162443634,366.6666666666667,6.837236162443634
201,201,3,recov,0.0010730650825246089,6.837236162443634,366.6666666666667,6.837236162443634
202,202,4,recov,0.0010730650825246089,6.837236162443634,366.6666666666667,6.837236162443634
203,203,5,recov,0.0010730650825246089,6.837236162443634,366.6666666666667,6.837236162443634
204,204,3,recov,0.0010730650825246089,6.837236162443634,366.6666666666667,6.837236162443634
205,205,4,recov,0.0010730650825246089,6.837236162443634,366.6666666666667,6.837236162443634
206,206,5,recov,0.0010730650825246089,6.837236162443634,366.6666666666667,6.837236162443634
207,207,3,recov,0.0010730650825246089,6.837236162443634,366.6666666666667,6.837236162443634
208,208,4,recov,0.0010730650825246089,6.837236162443634,366.6666666666667,6.837236162443634
209,209,5,recov,0.0010730650825246089,6.837236162443634,366.6666666666667,6.837236162443634
210,210,3,recov,0.0010730650825246089,6.837236162443634,366.6666666666667,6.837236162443634
211,211,4,recov,0.0010730650825246089,6.837236162443634,366.6666666666667,6.837236162443634
212,212,5,recov,0.0010730650825246089,6.837236162443634,366.6666666666667,6.837236162443634
213,213,3,recov,0.0010730650825246089,6.837236162443634,366.6666666666667,6.837236162443634
214,214,4,recov,0.0010730650825246089,6.837236162443634,366.6666666666667,6.837236162443634
215,215,5,recov,0.0010730650825246089,6.837236162443634,366.6666666666667,6.837236162443634
216,216,3,recov,0.0010730650825246089,6.837236162443634,366.6666666666667,6.837236162443634
217,217,4,recov,0.0010730650825246089,6.837236162443634,366.6666666666667,6.837236162443634
218,218,5,recov,0.0010730650825246089,6.837236162443634,366.6666666666667,6.837236162443634
219,219,3,recov,0.0010730650825246089,6.837236162443634,366.6666666666667,6.837236162443634
220,220,4,recov,0.0010730650825246089,6.837236162443634,366.6666666666667,6.837236162443634
221,221,5,recov,0.0010730650825246089,6.837236162443634,366.6666666666667,6.837236162443634
222,222,3,recov,0.0010730650825246089,6.837236162443634,366.6666666666667,6.837236162443634
223,223,4,recov,0.0010730650825246089,6.837236162443634,366.6666666666667,6.837236162443634
224,224,5,recov,0.0010730650825246089,6.837236162443634,366.6666666666667,6.837236162443634
225,225,3,recov,0.0010730650825246089,6.837236162443634,366.6666666666667,6.837236162443634
226,226,4,recov,0.0010730650825246089,6.837236162443634,366.6666666666667,6.837236162443634
227,227,5,recov,0.0010730650825246089,6.837236162443634,366.6666666666667,6.837236162443634
228,228,3,recov,0.0010730650825246089,6.837236162443634,366.6666666666667,6.837236162443634
229,229,4,recov,0.0010730650825246089,6.837236162443634,366.6666666666667,6.837236162443634
230,230,5,recov,0.0010730650825246089,6.837236162443634,366.6666666666667,6.837236162443634
231,231,3,recov,0.0010730650825246089,6.837236162443634,366.6666666666667,6.837236162443634
232,232,4,recov,0.0010730650825246089,6.837236162443634,366.6666666666667,6.837236162443634
233,233,5,recov,0.0010730650825246089,6.837236162443634,366.6666666666667,6.837236162443634
234,234,3,recov,0.0010730650825246089,6.837236162443634,366.6666666666667,6.837236162443634
235,235,4,recov,0.0010730650825246089,6.837236162443634,366.6666666666667,6.837236162443634
236,236,5,recov,0.0010730650825246089,6.837236162443634,366.6666666666667,6.837236162443634
237,237,3,recov,0.0010730650825246089,6.837236162443634,366.6666666666667,6.837236162443634
238,238,4,recov,0.0010730650825246089,6.837236162443634,366.6666666666667,6.837236162443634
239,239,5,recov,0.0010730650825246089,6.837236162443634,366.6666666666667,6.837236162443634
240,240,3,recov,0.0010730650825246089,6.837236162443634,366.6666666666667,6.837236162443634
241,241,4,recov,0.0010730650825246089,6.837236162443634,366.6666666666667,6.837236162443634
242,242,5,recov,0.0010730650825246089,6.837236162443634,366.6666666666667,6.837236162443634
243,243,3,recov,0.0010730650825246089,6.837236162443634,366.6666666666667,6.837236162443634
244,244,4,recov,0.0010730650825246089,6.837236162443634,366.6666666666667,6.837236162443634
245,245,5,recov,0.0010730650825246089,6.837236162443634,366.6666666666667,6.837236162443634
246,246,3,recov,0.0010730650825246089,6.837236162443634,366.6666666666667,6.837236162443634
247,247,4,recov,0.0010730650825246089,6.837236162443634,366.6666666666667,6.837236162443634
248,248,5,recov,0.0010730650825246089,6.837236162443634,366.6666666666667,6.837236162443634
249,249,3,recov,0.0010730650825246089,6.837236162443634,366.6666666666667,6.837236162443634
250,250,4,recov,0.0010730650825246089,6.837236162443634,366.6666666666667,6.837236162443634
251,251,5,recov,0.0010730650825246089,6.837236162443634,366.6666666666667,6.837236162443634
252,252,3,recov,0.0010730650825246089,6.837236162443634,366.6666666666667,6.837236162443634
253,253,4,recov,0.0010730650825246089,6.837236162443634,366.6666666666667,6.837236162443634
254,254,5,recov,0.0010730650825246089,6.837236162443634,366.6666666666667,6.837236162443634
255,255,3,recov,0.0010730650825246089,6.837236162443634,366.6666666666667,6.837236162443634
256,256,4,recov,0.0010730650825246089,6.837236162443634,366.6666666666667,6.837236162443634
257,257,5,recov,0.0010730650825246089,6.837236162443634,366.6666666666667,6.837236162443634
258,258,3,recov,0.0010730650825246089,6.837236162443634,366.6666666666667,6.837236162443634
259,259,4,recov,0.0010730650825246089,6.837236162443634,366.6666666666667,6.837236162443634
260,260,5,recov,0.0010730650825246089,6.837236162443634,366.6666666666667,6.837236162443634
261,261,3,recov,0.0010730650825246089,6.837236162443634,366.6666666666667,6.837236162443634
262,262,4,recov,0.0010730650825246089,6.837236162443634,366.6666666666667,6.837236162443634
263,263,5,recov,0.0010730650825246089,6.837236162443634,366.6666666666667,6.837236162443634
264,264,3,recov,0.0010730650825246089,6.837236162443634,366.6666666666667,6.837236162443634
265,265,4,recov,0.0010730650825246089,6.837236162443634,366.6666666666667,6.837236162443634
266,266,5,recov,0.0010730650825246089,6.837236162443634,366.6666666666667,6.837236162443634
267,267,3,recov,0.0010730650825246089,6.837236162443634,366.6666666666667,6.837236162443634
268,268,4,recov,0.0010730650825246089,6.837236162443634,366.6666666666667,6.837236162443634
269,269,5,recov,0.0010730650825246089,6.837236162443634,366.6666666666667,6.837236162443634
270,270,3,recov,0.0010730650825246089,6.837236162443634,366.6666666666667,6.837236162443634
271,271,4,recov,0.0010730650825246089,6.837236162443634,366.6666666666667,6.837236162443634
272,272,5,recov,0.0010730650825246089,6.837236162443634,366.6666666666667,6.837236162443634
273,273,3,recov,0.0010730650825246089,6.837236162443634,366.6666666666667,6.837236162443634
274,274,4,recov,0.0010730650825246089,6.837236162443634,366.6666666666667,6.837236162443634
275,275,5,recov,0.0010730650825246089,6.837236162443634,366.6666666666667,6.837236162443634
276,276,3,recov,0.0010730650825246089,6.837236162443634,366.6666666666667,6.837236162443634
277,277,4,recov,0.0010730650825246089,6.837236162443634,366.6666666666667,6.837236162443634
278,278,5,recov,0.0010730650825246089,6.837236162443634,366.6666666666667,6.837236162443634
279,279,3,recov,0.0010730650825246089,6.837236162443634,366.6666666666667,6.837236162443634
280,280,4,recov,0.0010730650825246089,6.837236162443634,366.6666666666667,6.837236162443634
281,281,5,recov,0.0010730650825246089,6.837236162443634,366.6666666666667,6.837236162443634
282,282,3,recov,0.0010730650825246089,6.837236162443634,366.6666666666667,6.837236162443634
283,283,4,recov,0.0010730650825246089,6.837236162443634,366.6666666666667,6.837236162443634
284,284,5,recov,0.0010730650825246089,6.837236162443634,366.6666666666667,6.837236162443634
285,285,3,recov,0.0010730650825246089,6.837236162443634,366.6666666666667,6.837236162443634
286,286,4,recov,0.0010730650825246089,6.837236162443634,366.6666666666667,6.837236162443634
287,287,5,recov,0.0010730650825246089,6.837236162443634,366.6666666666667,6.837236162443634
288,288,3,recov,0.0010730650825246089,6.837236162443634,366.6666666666667,6.837236162443634
289,289,4,recov,0.0010730650825246089,6.837236162443634,366.6666666666667,6.837236162443634
290,290,5,recov,0.0010730650825246089,6.837236162443634,366.6666666666667,6.837236162443634
291,291,3,recov,0.0010730650825246089,6.837236162443634,366.6666666666667,6.837236162443634
292,292,4,recov,0.0010730650825246089,6.837236162443634,366.6666666666667,6.837236162443634
293,293,5,recov,0.0010730650825246089,6.837236162443634,366.6666666666667,6.837236162443634
294,294,3,recov,0.0010730650825246089,6.837236162443634,366.6666666666667,6.837236162443634
295,295,4,recov,0.0010730650825246089,6.837236162443634,366.6666666666667,6.837236162443634
296,296,5,recov,0.0010730650825246089,6.837236162443634,366.6666666666667,6.837236162443634
297,297,3,recov,0.0010730650825246089,6.837236162443634,366.6666666666667,6.837236162443634
298,298,4,recov,0.0010730650825246089,6.837236162443634,366.6666666666667,6.837236162443634
299,299,5,recov,0.0010730650825246089,6.837236162443634,366.6666666666667,6.837236162443634
300,300,3,recov,0.0010730650825246089,6.837236162443634,366.6666666666667,6.837236162443634
301,301,4,recov,0.0010730650825246089,6.837236162443634,366.6666666666667,6.837236162443634
302,302,5,recov,0.0010730650825246089,6.837236162443634,366.6666666666667,6.837236162443634
303,303,3,recov,0.0010730650825246089,6.837236162443634,366.6666666666667,6.837236162443634
304,304,4,recov,0.0010730650825246089,6.837236162443634,366.6666666666667,6.837236162443634
305,305,5,recov,0.0010730650825246089,6.837236162443634,366.6666666666667,6.837236162443634
306,306,3,recov,0.0010730650825246089,6.837236162443634,366.6666666666667,6.837236162443634
307,307,4,recov,0.0010730650825246089,6.837236162443634,366.6666666666667,6.837236162443634
308,308,5,recov,0.0010730650825246089,6.837236162443634,366.6666666666667,6.837236162443634
309,309,3,recov,0.0010730650825246089,6.837236162443634,366.6666666666667,6.837236162443634
310,310,4,recov,0.0010730650825246089,6.837236162443634,366.6666666666667,6.837236162443634
311,311,5,recov,0.0010730650825246089,6.837236162443634,366.6666666666667,6.837236162443634
312,312,3,recov,0.0010730650825246089,6.837236162443634,366.6666666666667,6.837236162443634
313,313,4,recov,0.0010730650825246089,6.837236162443634,366.6666666666667,6.837236162443634
314,314,5,recov,0.0010730650825246089,6.837236162443634,366.6666666666667,6.837236162443634
315,315,3,recov,0.0010730650825246089,6.837236162443634,366.6666666666667,6.837236162443634
316,316,4,recov,0.0010730650825246089,6.837236162443634,366.6666666666667,6.837236162443634
317,317,5,recov,0.0010730650825246089,6.837236162443634,366.6666666666667,6.837236162443634
318,318,3,recov,0.0010730650825246089,6.837236162443634,366.6666666666667,6.837236162443634
319,319,4,recov,0.0010730650825246089,6.837236162443634,366.6666666666667,6.837236162443634
320,320,5,recov,0.0010730650825246089,6.837236162443634,366.6666666666667,6.837236162443634
321,321,3,recov,0.0010730650825246089,6.837236162443634,366.6666666666667,6.837236162443634
322,322,4,recov,0.0010730650825246089,6.837236162443634,366.6666666666667,6.837236162443634
323,323,5,recov,0.0010730650825246089,6.837236162443634,366.6666666666667,6.837236162443634
324,324,3,recov,0.0010730650825246089,6.837236162443634,366.6666666666667,6.837236162443634
325,325,4,recov,0.0010730650825246089,6.837236162443634,366.6666666666667,6.837236162443634
326,326,5,recov,0.0010730650825246089,6.837236162443634,366.6666666666667,6.837236162443634
327,327,3,recov,0.0010730650825246089,6.837236162443634,366.6666666666667,6.837236162443634
328,328,4,recov,0.0010730650825246089,6.837236162443634,366.6666666666667,6.837236162443634
329,329,5,recov,0.0010730650825246089,6.837236162443634,366.6666666666667,6.837236162443634
330,330,3,recov,0.0010730650825246089,6.837236162443634,366.6666666666667,6.837236162443634
331,331,4,recov,0.0010730650825246089,6.837236162443634,366.6666666666667,6.837236162443634
332,332,5,recov,0.0010730650825246089,6.837236162443634,366.6666666666667,6.837236162443634
333,333,3,recov,0.0010730650825246089,6.837236162443634,366.6666666666667,6.837236162443634
334,334,4,recov,0.0010730650825246089,6.837236162443634,366.6666666666667,6.837236162443634
335,335,5,recov,0.0010730650825246089,6.837236162443634,366.6666666666667,6.837236162443634
336,336,3,recov,0.0010730650825246089,6.837236162443634,366.6666666666667,6.837236162443634
337,337,4,recov,0.0010730650825246089,6.837236162443634,366.6666666666667,6.837236162443634
338,338,5,recov,0.0010730650825246089,6.837236162443634,366.6666666666667,6.837236162443634
339,339,3,recov,0.0010730650825246089,6.837236162443634,366.6666666666667,6.837236162443634
340,340,4,recov,0.0010730650825246089,6.837236162443634,366.6666666666667,6.837236162443634
341,341,5,recov,0.0010730650825246089,6.837236162443634,366.6666666666667,6.837236162443634
342,342,3,recov,0.0010730650825246089,6.837236162443634,366.6666666666667,6.837236162443634
343,343,4,recov,0.0010730650825246089,6.837236162443634,366.6666666666667,6.837236162443634
344,344,5,recov,0.0010730650825246089,6.837236162443634,366.6666666666667,6.837236162443634
345,345,3,recov,0.0010730650825246089,6.837236162443634,366.6666666666667,6.837236162443634
346,346,4,recov,0.0010730650825246089,6.837236162443634,366.6666666666667,6.837236162443634
347,347,5,recov,0.0010730650825246089,6.837236162443634,366.6666666666667,6.837236162443634
348,348,3,recov,0.0010730650825246089,6.837236162443634,366.6666666666667,6.837236162443634
349,349,4,recov,0.0010730650825246089,6.837236162443634,366.6666666666667,6.837236162443634
350,350,5,recov,0.0010730650825246089,6.837236162443634,366.6666666666667,6.837236162443634
351,351,3,recov,0.0010730650825246089,6.837236162443634,366.6666666666667,6.837236162443634
352,352,4,recov,0.0010730650825246089,6.837236162443634,366.6666666666667,6.837236162443634
353,353,5,recov,0.0010730650825246089,6.837236162443634,366.6666666666667,6.837236162443634
354,354,3,recov,0.0010730650825246089,6.837236162443634,366.6666666666667,6.837236162443634
355,355,4,recov,0.0010730650825246089,6.837236162443634,366.6666666666667,6.837236162443634
356,356,5,recov,0.0010730650825246089,6.837236162443634,366.6666666666667,6.837236162443634
357,357,3,recov,0.0010730650825246089,6.837236162443634,366.6666666666667,6.837236162443634
358,358,4,recov,0.0010730650825246089,6.837236162443634,366.6666666666667,6.837236162443634
359,359,5,recov,0.0010730650825246089,6.837236162443634,366.6666666666667,6.837236162443634
360,360,3,recov,0.0010730650825246089,6.837236162443634,366.6666666666667,6.837236162443634
361,361,4,recov,0.0010730650825246089,6.837236162443634,366.6666666666667,6.837236162443634
362,362,5,recov,0.0010730650825246089,6.837236162443634,366.6666666666667,6.837236162443634
363,363,3,recov,0.0010730650825246089,6.837236162443634,366.6666666666667,6.837236162443634
364,364,4,recov,0.0010730650825246089,6.837236162443634,366.6666666666667,6.837236162443634
365,365,5,recov,0.0010730650825246089,6.837236162443634,366.6666666666667,6.837236162443634
366,366,3,recov,0.0010730650825246089,6.837236162443634,366.6666666666667,6.837236162443634
367,367,4,recov,0.0010730650825246089,6.837236162443634,366.6666666666667,6.837236162443634
368,368,5,recov,0.0010730650825246089,6.837236162443634,366.6666666666667,6.837236162443634
369,369,3,recov,0.0010730650825246089,6.837236162443634,366.6666666666667,6.837236162443634
370,370,4,recov,0.0010730650825246089,6.837236162443634,366.6666666666667,6.837236162443634
371,371,5,recov,0.0010730650825246089,6.837236162443634,366.6666666666667,6.837236162443634
372,372,3,recov,0.0010730650825246089,6.837236162443634,366.6666666666667,6.837236162443634
373,373,4,recov,0.0010730650825246089,6.837236162443634,366.6666666666667,6.837236162443634
374,374,5,recov,0.0010730650825246089,6.837236162443634,366.6666666666667,6.837236162443634
375,375,3,recov,0.0010730650825246089,6.837236162443634,366.6666666666667,6.837236162443634
376,376,4,recov,0.0010730650825246089,6.837236162443634,366.6666666666667,6.837236162443634
377,377,5,recov,0.0010730650825246089,6.837236162443634,366.6666666666667,6.837236162443634
378,378,3,recov,0.0010730650825246089,6.837236162443634,366.6666666666667,6.837236162443634
379,379,4,recov,0.0010730650825246089,6.837236162443634,366.6666666666667,6.837236162443634
380,380,5,recov,0.0010730650825246089,6.837236162443634,366.6666666666667,6.837236162443634
381,381,3,recov,0.0010730650825246089,6.837236162443634,366.6666666666667,6.837236162443634
382,382,4,recov,0.0010730650825246089,6.837236162443634,366.6666666666667,6.837236162443634
383,383,5,recov,0.0010730650825246089,6.837236162443634,366.6666666666667,6.837236162443634
384,384,3,recov,0.0010730650825246089,6.837236162443634,366.6666666666667,6.837236162443634
385,385,4,recov,0.0010730650825246089,6.837236162443634,366.6666666666667,6.837236162443634
386,386,5,recov,0.0010730650825246089,6.837236162443634,366.6666666666667,6.837236162443634
387,387,3,recov,0.0010730650825246089,6.837236162443634,366.6666666666667,6.837236162443634
388,388,4,recov,0.0010730650825246089,6.837236162443634,366.6666666666667,6.837236162443634
389,389,5,recov,0.0010730650825246089,6.837236162443634,366.6666666666667,6.837236162443634
390,390,3,recov,0.0010730650825246089,6.837236162443634,366.6666666666667,6.837236162443634
391,391,4,recov,0.0010730650825246089,6.837236162443634,366.6666666666667,6.837236162443634
392,392,5,recov,0.0010730650825246089,6.837236162443634,366.6666666666667,6.837236162443634
393,393,3,recov,0.0010730650825246089,6.837236162443634,366.6666666666667,6.837236162443634
394,394,4,recov,0.0010730650825246089,6.837236162443634,366.6666666666667,6.837236162443634
395,395,5,recov,0.0010730650825246089,6.837236162443634,366.6666666666667,6.837236162443634
396,396,3,recov,0.0010730650825246089,6.837236162443634,366.6666666666667,6.837236162443634
397,397,4,recov,0.0010730650825246089,6.837236162443634,366.6666666666667,6.837236162443634
398,398,5,recov,0.0010730650825246089,6.837236162443634,366.6666666666667,6.837236162443634
399,399,3,recov,0.0010730650825246089,6.837236162443634,366.6666666666667,6.837236162443634
400,400,4,recov,0.0010730650825246089,6.837236162443634,366.6666666666667,6.837236162443634
401,401,5,recov,0.0010730650825246089,6.837236162443634,366.6666666666667,6.837236162443634
402,402,3,recov,0.0010730650825246089,6.837236162443634,366.6666666666667,6.837236162443634
403,403,4,recov,0.0010730650825246089,6.837236162443634,366.6666666666667,6.837236162443634
404,404,5,recov,0.0010730650825246089,6.837236162443634,366.6666666666667,6.837236162443634
405,405,3,recov,0.0010730650825246089,6.837236162443634,366.6666666666667,6.837236162443634
406,406,4,recov,0.0010730650825246089,6.837236162443634,366.6666666666667,6.837236162443634
407,407,5,recov,0.0010730650825246089,6.837236162443634,366.6666666666667,6.837236162443634
408,408,3,recov,0.0010730650825246089,6.837236162443634,366.6666666666667,6.837236162443634
409,409,4,recov,0.0010730650825246089,6.837236162443634,366.6666666666667,6.837236162443634
410,410,5,recov,0.0010730650825246089,6.837236162443634,366.6666666666667,6.837236162443634
411,411,3,recov,0.0010730650825246089,6.837236162443634,366.6666666666667,6.837236162443634
412,412,4,recov,0.0010730650825246089,6.837236162443634,366.6666666666667,6.837236162443634
413,413,5,recov,0.0010730650825246089,6.837236162443634,366.6666666666667,6.837236162443634
414,414,3,recov,0.0010730650825246089,6.837236162443634,366.6666666666667,6.837236162443634
415,415,4,recov,0.0010730650825246089,6.837236162443634,366.6666666666667,6.837236162443634
416,416,5,recov,0.0010730650825246089,6.837236162443634,366.6666666666667,6.837236162443634
417,417,3,recov,0.0010730650825246089,6.837236162443634,366.6666666666667,6.837236162443634
418,418,4,recov,0.0010730650825246089,6.837236162443634,366.6666666666667,6.837236162443634
419,419,5,recov,0.0010730650825246089,6.837236162443634,366.6666666666667,6.837236162443634
420,420,3,recov,0.0010730650825246089,6.837236162443634,366.6666666666667,6.837236162443634
421,421,4,recov,0.0010730650825246089,6.837236162443634,366.6666666666667,6.837236162443634
422,422,5,recov,0.0010730650825246089,6.837236162443634,366.6666666666667,6.837236162443634
423,423,3,recov,0.0010730650825246089,6.837236162443634,366.6666666666667,6.837236162443634
424,424,4,recov,0.0010730650825246089,6.837236162443634,366.6666666666667,6.837236162443634
425,425,5,recov,0.0010730650825246089,6.837236162443634,366.6666666666667,6.837236162443634
426,426,3,recov,0.0010730650825246089,6.837236162443634,366.6666666666667,6.837236162443634
427,427,4,recov,0.0010730650825246089,6.837236162443634,366.6666666666667,6.837236162443634
428,428,5,recov,0.0010730650825246089,6.837236162443634,366.6666666666667,6.837236162443634
429,429,3,recov,0.0010730650825246089,6.837236162443634,366.6666666666667,6.837236162443634
430,430,4,recov,0.0010730650825246089,6.837236162443634,366.6666666666667,6.837236162443634
431,431,5,recov,0.0010730650825246089,6.837236162443634,366.6666666666667,6.837236162443634
432,432,0,fam_r,0.0009755136227028626,6.932546433157137,366.6666666666667,6.837236162443634
433,433,1,fam_r,0.0009755136227028626,6.932546433157137,366.6666666666667,6.837236162443634
434,434,2,fam_r,0.0009755136227028626,6.932546433157137,366.6666666666667,6.837236162443634
435,435,0,fam_r,0.0010730649849731491,6.8372362533528115,366.6666666666667,6.837236162443634
436,436,1,fam_r,0.0010730649849731491,6.8372362533528115,366.6666666666667,6.837236162443634
437,437,2,fam_r,0.0010730649849731491,6.8372362533528115,366.6666666666667,6.837236162443634
438,438,0,fam_r,0.001073065082524511,6.837236162443725,366.6666666666667,6.837236162443634
439,439,1,fam_r,0.001073065082524511,6.837236162443725,366.6666666666667,6.837236162443634
440,440,2,fam_r,0.001073065082524511,6.837236162443725,366.6666666666667,6.837236162443634
441,441,0,fam_r,0.0010730650825246089,6.837236162443634,366.6666666666667,6.837236162443634
442,442,1,fam_r,0.0010730650825246089,6.837236162443634,366.6666666666667,6.837236162443634
443,443,2,fam_r,0.0010730650825246089,6.837236162443634,366.6666666666667,6.837236162443634
444,444,0,fam_r,0.0010730650825246089,6.837236162443634,366.6666666666667,6.837236162443634
445,445,1,fam_r,0.0010730650825246089,6.837236162443634,366.6666666666667,6.837236162443634
446,446,2,fam_r,0.0010730650825246089,6.837236162443634,366.6666666666667,6.837236162443634
0,0,0,fam,0.06666666666666667,2.70805020110221,476.6666666666667,6.837236162443634
1,1,1,fam,0.0009852216748768474,6.922643891475888,476.6666666666667,6.837236162443634
2,2,2,fam,0.0009756097560975611,6.932447891572508,476.6666666666667,6.837236162443634
3,3,0,fam,0.0010730660423373334,6.83723526798503,476.6666666666667,6.837236162443634
4,4,1,fam,0.0010730649955467807,6.837236243499139,476.6666666666667,6.837236162443634
5,5,2,fam,0.0010730649850788853,6.837236253254275,476.6666666666667,6.837236162443634
6,6,0,fam,0.0010730650825255684,6.83723616244274,476.6666666666667,6.837236162443634
7,7,1,fam,0.001073065082524522,6.837236162443715,476.6666666666667,6.837236162443634
8,8,2,fam,0.0010730650825245113,6.837236162443725,476.6666666666667,6.837236162443634
9,9,0,fam,0.0010730650825246089,6.837236162443634,476.6666666666667,6.837236162443634
10,10,1,fam,0.0010730650825246089,6.837236162443634,476.6666666666667,6.837236162443634
11,11,2,fam,0.0010730650825246089,6.837236162443634,476.6666666666667,6.837236162443634
12,12,0,fam,0.0010730650825246089,6.837236162443634,476.6666666666667,6.837236162443634
13,13,1,fam,0.0010730650825246089,6.837236162443634,476.6666666666667,6.837236162443634
14,14,2,fam,0.0010730650825246089,6.837236162443634,476.6666666666667,6.837236162443634
15,15,0,fam,0.0010730650825246089,6.837236162443634,476.6666666666667,6.837236162443634
16,16,1,fam,0.0010730650825246089,6.837236162443634,476.6666666666667,6.837236162443634
17,17,2,fam,0.0010730650825246089,6.837236162443634,476.6666666666667,6.837236162443634
18,18,0,fam,0.0010730650825246089,6.837236162443634,476.6666666666667,6.837236162443634
19,19,1,fam,0.0010730650825246089,6.837236162443634,476.6666666666667,6.837236162443634
20,20,2,fam,0.0010730650825246089,6.837236162443634,476.6666666666667,6.837236162443634
21,21,0,fam,0.0010730650825246089,6.837236162443634,476.6666666666667,6.837236162443634
22,22,1,fam,0.0010730650825246089,6.837236162443634,476.6666666666667,6.837236162443634
23,23,2,fam,0.0010730650825246089,6.837236162443634,476.6666666666667,6.837236162443634
24,24,0,fam,0.0010730650825246089,6.837236162443634,476.6666666666667,6.837236162443634
25,25,1,fam,0.0010730650825246089,6.837236162443634,476.6666666666667,6.837236162443634
26,26,2,fam,0.0010730650825246089,6.837236162443634,476.6666666666667,6.837236162443634
27,27,0,fam,0.0010730650825246089,6.837236162443634,476.6666666666667,6.837236162443634
28,28,1,fam,0.0010730650825246089,6.837236162443634,476.6666666666667,6.837236162443634
29,29,2,fam,0.0010730650825246089,6.837236162443634,476.6666666666667,6.837236162443634
30,30,0,fam,0.0010730650825246089,6.837236162443634,476.6666666666667,6.837236162443634
31,31,1,fam,0.0010730650825246089,6.837236162443634,476.6666666666667,6.837236162443634
32,32,2,fam,0.0010730650825246089,6.837236162443634,476.6666666666667,6.837236162443634
33,33,0,fam,0.0010730650825246089,6.837236162443634,476.6666666666667,6.837236162443634
34,34,1,fam,0.0010730650825246089,6.837236162443634,476.6666666666667,6.837236162443634
35,35,2,fam,0.0010730650825246089,6.837236162443634,476.6666666666667,6.837236162443634
36,36,0,fam,0.0010730650825246089,6.837236162443634,476.6666666666667,6.837236162443634
37,37,1,fam,0.0010730650825246089,6.837236162443634,476.6666666666667,6.837236162443634
38,38,2,fam,0.0010730650825246089,6.837236162443634,476.6666666666667,6.837236162443634
39,39,0,fam,0.0010730650825246089,6.837236162443634,476.6666666666667,6.837236162443634
40,40,1,fam,0.0010730650825246089,6.837236162443634,476.6666666666667,6.837236162443634
41,41,2,fam,0.0010730650825246089,6.837236162443634,476.6666666666667,6.837236162443634
42,42,0,fam,0.0010730650825246089,6.837236162443634,476.6666666666667,6.837236162443634
43,43,1,fam,0.0010730650825246089,6.837236162443634,476.6666666666667,6.837236162443634
44,44,2,fam,0.0010730650825246089,6.837236162443634,476.6666666666667,6.837236162443634
45,45,0,fam,0.0010730650825246089,6.837236162443634,476.6666666666667,6.837236162443634
46,46,1,fam,0.0010730650825246089,6.837236162443634,476.6666666666667,6.837236162443634
47,47,2,fam,0.0010730650825246089,6.837236162443634,476.6666666666667,6.837236162443634
48,48,0,fam,0.0010730650825246089,6.837236162443634,476.6666666666667,6.837236162443634
49,49,1,fam,0.0010730650825246089,6.837236162443634,476.6666666666667,6.837236162443634
50,50,2,fam,0.0010730650825246089,6.837236162443634,476.6666666666667,6.837236162443634
51,51,0,fam,0.0010730650825246089,6.837236162443634,476.6666666666667,6.837236162443634
52,52,1,fam,0.0010730650825246089,6.837236162443634,476.6666666666667,6.837236162443634
53,53,2,fam,0.0010730650825246089,6.837236162443634,476.6666666666667,6.837236162443634
54,54,0,fam,0.0010730650825246089,6.837236162443634,476.6666666666667,6.837236162443634
55,55,1,fam,0.0010730650825246089,6.837236162443634,476.6666666666667,6.837236162443634
56,56,2,fam,0.0010730650825246089,6.837236162443634,476.6666666666667,6.837236162443634
57,57,0,fam,0.0010730650825246089,6.837236162443634,476.6666666666667,6.837236162443634
58,58,1,fam,0.0010730650825246089,6.837236162443634,476.6666666666667,6.837236162443634
59,59,2,fam,0.0010730650825246089,6.837236162443634,476.6666666666667,6.837236162443634
60,60,0,fam,0.0010730650825246089,6.837236162443634,476.6666666666667,6.837236162443634
61,61,1,fam,0.0010730650825246089,6.837236162443634,476.6666666666667,6.837236162443634
62,62,2,fam,0.0010730650825246089,6.837236162443634,476.6666666666667,6.837236162443634
63,63,0,fam,0.0010730650825246089,6.837236162443634,476.6666666666667,6.837236162443634
64,64,1,fam,0.0010730650825246089,6.837236162443634,476.6666666666667,6.837236162443634
65,65,2,fam,0.0010730650825246089,6.837236162443634,476.6666666666667,6.837236162443634
66,66,3,recov,0.0009755136227028626,6.932546433157137,476.6666666666667,6.837236162443634
67,67,4,recov,0.0009755136227028626,6.932546433157137,476.6666666666667,6.837236162443634
68,68,5,recov,0.0009755136227028626,6.932546433157137,476.6666666666667,6.837236162443634
69,69,3,recov,0.0010730649849731491,6.8372362533528115,476.6666666666667,6.837236162443634
70,70,4,recov,0.0010730649849731491,6.8372362533528115,476.6666666666667,6.837236162443634
71,71,5,recov,0.0010730649849731491,6.8372362533528115,476.6666666666667,6.837236162443634
72,72,3,recov,0.001073065082524511,6.837236162443725,476.6666666666667,6.837236162443634
73,73,4,recov,0.001073065082524511,6.837236162443725,476.6666666666667,6.837236162443634
74,74,5,recov,0.001073065082524511,6.837236162443725,476.6666666666667,6.837236162443634
75,75,3,recov,0.0010730650825246089,6.837236162443634,476.6666666666667,6.837236162443634
76,76,4,recov,0.0010730650825246089,6.837236162443634,476.6666666666667,6.837236162443634
77,77,5,recov,0.0010730650825246089,6.837236162443634,476.6666666666667,6.837236162443634
78,78,3,recov,0.0010730650825246089,6.837236162443634,476.6666666666667,6.837236162443634
79,79,4,recov,0.0010730650825246089,6.837236162443634,476.6666666666667,6.837236162443634
80,80,5,recov,0.0010730650825246089,6.837236162443634,476.6666666666667,6.837236162443634
81,81,3,recov,0.0010730650825246089,6.837236162443634,476.6666666666667,6.837236162443634
82,82,4,recov,0.0010730650825246089,6.837236162443634,476.6666666666667,6.837236162443634
83,83,5,recov,0.0010730650825246089,6.837236162443634,476.6666666666667,6.837236162443634
84,84,3,recov,0.0010730650825246089,6.837236162443634,476.6666666666667,6.837236162443634
85,85,4,recov,0.0010730650825246089,6.837236162443634,476.6666666666667,6.837236162443634
86,86,5,recov,0.0010730650825246089,6.837236162443634,476.6666666666667,6.837236162443634
87,87,3,recov,0.0010730650825246089,6.837236162443634,476.6666666666667,6.837236162443634
88,88,4,recov,0.0010730650825246089,6.837236162443634,476.6666666666667,6.837236162443634
89,89,5,recov,0.0010730650825246089,6.837236162443634,476.6666666666667,6.837236162443634
90,90,3,recov,0.0010730650825246089,6.837236162443634,476.6666666666667,6.837236162443634
91,91,4,recov,0.0010730650825246089,6.837236162443634,476.6666666666667,6.837236162443634
92,92,5,recov,0.0010730650825246089,6.837236162443634,476.6666666666667,6.837236162443634
93,93,3,recov,0.0010730650825246089,6.837236162443634,476.6666666666667,6.837236162443634
94,94,4,recov,0.0010730650825246089,6.837236162443634,476.6666666666667,6.837236162443634
95,95,5,recov,0.0010730650825246089,6.837236162443634,476.6666666666667,6.837236162443634
96,96,3,recov,0.0010730650825246089,6.837236162443634,476.6666666666667,6.837236162443634
97,97,4,recov,0.0010730650825246089,6.837236162443634,476.6666666666667,6.837236162443634
98,98,5,recov,0.0010730650825246089,6.837236162443634,476.6666666666667,6.837236162443634
99,99,3,recov,0.0010730650825246089,6.837236162443634,476.6666666666667,6.837236162443634
100,100,4,recov,0.0010730650825246089,6.837236162443634,476.6666666666667,6.837236162443634
101,101,5,recov,0.0010730650825246089,6.837236162443634,476.6666666666667,6.837236162443634
102,102,3,recov,0.0010730650825246089,6.837236162443634,476.6666666666667,6.837236162443634
103,103,4,recov,0.0010730650825246089,6.837236162443634,476.6666666666667,6.837236162443634
104,104,5,recov,0.0010730650825246089,6.837236162443634,476.6666666666667,6.837236162443634
105,105,3,recov,0.0010730650825246089,6.837236162443634,476.6666666666667,6.837236162443634
106,106,4,recov,0.0010730650825246089,6.837236162443634,476.6666666666667,6.837236162443634
107,107,5,recov,0.0010730650825246089,6.837236162443634,476.6666666666667,6.837236162443634
108,108,3,recov,0.0010730650825246089,6.837236162443634,476.6666666666667,6.837236162443634
109,109,4,recov,0.0010730650825246089,6.837236162443634,476.6666666666667,6.837236162443634
110,110,5,recov,0.0010730650825246089,6.837236162443634,476.6666666666667,6.837236162443634
111,111,3,recov,0.0010730650825246089,6.837236162443634,476.6666666666667,6.837236162443634
112,112,4,recov,0.0010730650825246089,6.837236162443634,476.6666666666667,6.837236162443634
113,113,5,recov,0.0010730650825246089,6.837236162443634,476.6666666666667,6.837236162443634
114,114,3,recov,0.0010730650825246089,6.837236162443634,476.6666666666667,6.837236162443634
115,115,4,recov,0.0010730650825246089,6.837236162443634,476.6666666666667,6.837236162443634
116,116,5,recov,0.0010730650825246089,6.837236162443634,476.6666666666667,6.837236162443634
117,117,3,recov,0.0010730650825246089,6.837236162443634,476.6666666666667,6.837236162443634
118,118,4,recov,0.0010730650825246089,6.837236162443634,476.6666666666667,6.837236162443634
119,119,5,recov,0.0010730650825246089,6.837236162443634,476.6666666666667,6.837236162443634
120,120,3,recov,0.0010730650825246089,6.837236162443634,476.6666666666667,6.837236162443634
121,121,4,recov,0.0010730650825246089,6.837236162443634,476.6666666666667,6.837236162443634
122,122,5,recov,0.0010730650825246089,6.837236162443634,476.6666666666667,6.837236162443634
123,123,3,recov,0.0010730650825246089,6.837236162443634,476.6666666666667,6.837236162443634
124,124,4,recov,0.0010730650825246089,6.837236162443634,476.6666666666667,6.837236162443634
125,125,5,recov,0.0010730650825246089,6.837236162443634,476.6666666666667,6.837236162443634
126,126,3,recov,0.0010730650825246089,6.837236162443634,476.6666666666667,6.837236162443634
127,127,4,recov,0.0010730650825246089,6.837236162443634,476.6666666666667,6.837236162443634
128,128,5,recov,0.0010730650825246089,6.837236162443634,476.6666666666667,6.837236162443634
129,129,3,recov,0.0010730650825246089,6.837236162443634,476.6666666666667,6.837236162443634
130,130,4,recov,0.0010730650825246089,6.837236162443634,476.6666666666667,6.837236162443634
131,131,5,recov,0.0010730650825246089,6.837236162443634,476.6666666666667,6.837236162443634
132,132,3,recov,0.0010730650825246089,6.837236162443634,476.6666666666667,6.837236162443634
133,133,4,recov,0.0010730650825246089,6.837236162443634,476.6666666666667,6.837236162443634
134,134,5,recov,0.0010730650825246089,6.837236162443634,476.6666666666667,6.837236162443634
135,135,3,recov,0.0010730650825246089,6.837236162443634,476.6666666666667,6.837236162443634
136,136,4,recov,0.0010730650825246089,6.837236162443634,476.6666666666667,6.837236162443634
137,137,5,recov,0.0010730650825246089,6.837236162443634,476.6666666666667,6.837236162443634
138,138,3,recov,0.0010730650825246089,6.837236162443634,476.6666666666667,6.837236162443634
139,139,4,recov,0.0010730650825246089,6.837236162443634,476.6666666666667,6.837236162443634
140,140,5,recov,0.0010730650825246089,6.837236162443634,476.6666666666667,6.837236162443634
141,141,3,recov,0.0010730650825246089,6.837236162443634,476.6666666666667,6.837236162443634
142,142,4,recov,0.0010730650825246089,6.837236162443634,476.6666666666667,6.837236162443634
143,143,5,recov,0.0010730650825246089,6.837236162443634,476.6666666666667,6.837236162443634
144,144,3,recov,0.0010730650825246089,6.837236162443634,476.6666666666667,6.837236162443634
145,145,4,recov,0.0010730650825246089,6.837236162443634,476.6666666666667,6.837236162443634
146,146,5,recov,0.0010730650825246089,6.837236162443634,476.6666666666667,6.837236162443634
147,147,3,recov,0.0010730650825246089,6.837236162443634,476.6666666666667,6.837236162443634
148,148,4,recov,0.0010730650825246089,6.837236162443634,476.6666666666667,6.837236162443634
149,149,5,recov,0.0010730650825246089,6.837236162443634,476.6666666666667,6.837236162443634
150,150,3,recov,0.0010730650825246089,6.837236162443634,476.6666666666667,6.837236162443634
151,151,4,recov,0.0010730650825246089,6.837236162443634,476.6666666666667,6.837236162443634
152,152,5,recov,0.0010730650825246089,6.837236162443634,476.6666666666667,6.837236162443634
153,153,3,recov,0.0010730650825246089,6.837236162443634,476.6666666666667,6.837236162443634
154,154,4,recov,0.0010730650825246089,6.837236162443634,476.6666666666667,6.837236162443634
155,155,5,recov,0.0010730650825246089,6.837236162443634,476.6666666666667,6.837236162443634
156,156,3,recov,0.0010730650825246089,6.837236162443634,476.6666666666667,6.837236162443634
157,157,4,recov,0.0010730650825246089,6.837236162443634,476.6666666666667,6.837236162443634
158,158,5,recov,0.0010730650825246089,6.837236162443634,476.6666666666667,6.837236162443634
159,159,3,recov,0.0010730650825246089,6.837236162443634,476.6666666666667,6.837236162443634
160,160,4,recov,0.0010730650825246089,6.837236162443634,476.6666666666667,6.837236162443634
161,161,5,recov,0.0010730650825246089,6.837236162443634,476.6666666666667,6.837236162443634
162,162,3,recov,0.0010730650825246089,6.837236162443634,476.6666666666667,6.837236162443634
163,163,4,recov,0.0010730650825246089,6.837236162443634,476.6666666666667,6.837236162443634
164,164,5,recov,0.0010730650825246089,6.837236162443634,476.6666666666667,6.837236162443634
165,165,3,recov,0.0010730650825246089,6.837236162443634,476.6666666666667,6.837236162443634
166,166,4,recov,0.0010730650825246089,6.837236162443634,476.6666666666667,6.837236162443634
167,167,5,recov,0.0010730650825246089,6.837236162443634,476.6666666666667,6.837236162443634
168,168,3,recov,0.0010730650825246089,6.837236162443634,476.6666666666667,6.837236162443634
169,169,4,recov,0.0010730650825246089,6.837236162443634,476.6666666666667,6.837236162443634
170,170,5,recov,0.0010730650825246089,6.837236162443634,476.6666666666667,6.837236162443634
171,171,3,recov,0.0010730650825246089,6.837236162443634,476.6666666666667,6.837236162443634
172,172,4,recov,0.0010730650825246089,6.837236162443634,476.6666666666667,6.837236162443634
173,173,5,recov,0.0010730650825246089,6.837236162443634,476.6666666666667,6.837236162443634
174,174,3,recov,0.0010730650825246089,6.837236162443634,476.6666666666667,6.837236162443634
175,175,4,recov,0.0010730650825246089,6.837236162443634,476.6666666666667,6.837236162443634
176,176,5,recov,0.0010730650825246089,6.837236162443634,476.6666666666667,6.837236162443634
177,177,3,recov,0.0010730650825246089,6.837236162443634,476.6666666666667,6.837236162443634
178,178,4,recov,0.0010730650825246089,6.837236162443634,476.6666666666667,6.837236162443634
179,179,5,recov,0.0010730650825246089,6.837236162443634,476.6666666666667,6.837236162443634
180,180,3,recov,0.0010730650825246089,6.837236162443634,476.6666666666667,6.837236162443634
181,181,4,recov,0.0010730650825246089,6.837236162443634,476.6666666666667,6.837236162443634
182,182,5,recov,0.0010730650825246089,6.837236162443634,476.6666666666667,6.837236162443634
183,183,3,recov,0.0010730650825246089,6.837236162443634,476.6666666666667,6.837236162443634
184,184,4,recov,0.0010730650825246089,6.837236162443634,476.6666666666667,6.837236162443634
185,185,5,recov,0.0010730650825246089,6.837236162443634,476.6666666666667,6.837236162443634
186,186,3,recov,0.0010730650825246089,6.837236162443634,476.6666666666667,6.837236162443634
187,187,4,recov,0.0010730650825246089,6.837236162443634,476.6666666666667,6.837236162443634
188,188,5,recov,0.0010730650825246089,6.837236162443634,476.6666666666667,6.837236162443634
189,189,3,recov,0.0010730650825246089,6.837236162443634,476.6666666666667,6.837236162443634
190,190,4,recov,0.0010730650825246089,6.837236162443634,476.6666666666667,6.837236162443634
191,191,5,recov,0.0010730650825246089,6.837236162443634,476.6666666666667,6.837236162443634
192,192,3,recov,0.0010730650825246089,6.837236162443634,476.6666666666667,6.837236162443634
193,193,4,recov,0.0010730650825246089,6.837236162443634,476.6666666666667,6.837236162443634
194,194,5,recov,0.0010730650825246089,6.837236162443634,476.6666666666667,6.837236162443634
195,195,3,recov,0.0010730650825246089,6.837236162443634,476.6666666666667,6.837236162443634
196,196,4,recov,0.0010730650825246089,6.837236162443634,476.6666666666667,6.837236162443634
197,197,5,recov,0.0010730650825246089,6.837236162443634,476.6666666666667,6.837236162443634
198,198,3,recov,0.0010730650825246089,6.837236162443634,476.6666666666667,6.837236162443634
199,199,4,recov,0.0010730650825246089,6.837236162443634,476.6666666666667,6.837236162443634
200,200,5,recov,0.0010730650825246089,6.837236162443634,476.6666666666667,6.837236162443634
201,201,3,recov,0.0010730650825246089,6.837236162443634,476.6666666666667,6.837236162443634
202,202,4,recov,0.0010730650825246089,6.837236162443634,476.6666666666667,6.837236162443634
203,203,5,recov,0.0010730650825246089,6.837236162443634,476.6666666666667,6.837236162443634
204,204,3,recov,0.0010730650825246089,6.837236162443634,476.6666666666667,6.837236162443634
205,205,4,recov,0.0010730650825246089,6.837236162443634,476.6666666666667,6.837236162443634
206,206,5,recov,0.0010730650825246089,6.837236162443634,476.6666666666667,6.837236162443634
207,207,3,recov,0.0010730650825246089,6.837236162443634,476.6666666666667,6.837236162443634
208,208,4,recov,0.0010730650825246089,6.837236162443634,476.6666666666667,6.837236162443634
209,209,5,recov,0.0010730650825246089,6.837236162443634,476.6666666666667,6.837236162443634
210,210,3,recov,0.0010730650825246089,6.837236162443634,476.6666666666667,6.837236162443634
211,211,4,recov,0.0010730650825246089,6.837236162443634,476.6666666666667,6.837236162443634
212,212,5,recov,0.0010730650825246089,6.837236162443634,476.6666666666667,6.837236162443634
213,213,3,recov,0.0010730650825246089,6.837236162443634,476.6666666666667,6.837236162443634
214,214,4,recov,0.0010730650825246089,6.837236162443634,476.6666666666667,6.837236162443634
215,215,5,recov,0.0010730650825246089,6.837236162443634,476.6666666666667,6.837236162443634
216,216,3,recov,0.0010730650825246089,6.837236162443634,476.6666666666667,6.837236162443634
217,217,4,recov,0.0010730650825246089,6.837236162443634,476.6666666666667,6.837236162443634
218,218,5,recov,0.0010730650825246089,6.837236162443634,476.6666666666667,6.837236162443634
219,219,3,recov,0.0010730650825246089,6.837236162443634,476.6666666666667,6.837236162443634
220,220,4,recov,0.0010730650825246089,6.837236162443634,476.6666666666667,6.837236162443634
221,221,5,recov,0.0010730650825246089,6.837236162443634,476.6666666666667,6.837236162443634
222,222,3,recov,0.0010730650825246089,6.837236162443634,476.6666666666667,6.837236162443634
223,223,4,recov,0.0010730650825246089,6.837236162443634,476.6666666666667,6.837236162443634
224,224,5,recov,0.0010730650825246089,6.837236162443634,476.6666666666667,6.837236162443634
225,225,3,recov,0.0010730650825246089,6.837236162443634,476.6666666666667,6.837236162443634
226,226,4,recov,0.0010730650825246089,6.837236162443634,476.6666666666667,6.837236162443634
227,227,5,recov,0.0010730650825246089,6.837236162443634,476.6666666666667,6.837236162443634
228,228,3,recov,0.0010730650825246089,6.837236162443634,476.6666666666667,6.837236162443634
229,229,4,recov,0.0010730650825246089,6.837236162443634,476.6666666666667,6.837236162443634
230,230,5,recov,0.0010730650825246089,6.837236162443634,476.6666666666667,6.837236162443634
231,231,3,recov,0.0010730650825246089,6.837236162443634,476.6666666666667,6.837236162443634
232,232,4,recov,0.0010730650825246089,6.837236162443634,476.6666666666667,6.837236162443634
233,233,5,recov,0.0010730650825246089,6.837236162443634,476.6666666666667,6.837236162443634
234,234,3,recov,0.0010730650825246089,6.837236162443634,476.6666666666667,6.837236162443634
235,235,4,recov,0.0010730650825246089,6.837236162443634,476.6666666666667,6.837236162443634
236,236,5,recov,0.0010730650825246089,6.837236162443634,476.6666666666667,6.837236162443634
237,237,3,recov,0.0010730650825246089,6.837236162443634,476.6666666666667,6.837236162443634
238,238,4,recov,0.0010730650825246089,6.837236162443634,476.6666666666667,6.837236162443634
239,239,5,recov,0.0010730650825246089,6.837236162443634,476.6666666666667,6.837236162443634
240,240,3,recov,0.0010730650825246089,6.837236162443634,476.6666666666667,6.837236162443634
241,241,4,recov,0.0010730650825246089,6.837236162443634,476.6666666666667,6.837236162443634
242,242,5,recov,0.0010730650825246089,6.837236162443634,476.6666666666667,6.837236162443634
243,243,3,recov,0.0010730650825246089,6.837236162443634,476.6666666666667,6.837236162443634
244,244,4,recov,0.0010730650825246089,6.837236162443634,476.6666666666667,6.837236162443634
245,245,5,recov,0.0010730650825246089,6.837236162443634,476.6666666666667,6.837236162443634
246,246,3,recov,0.0010730650825246089,6.837236162443634,476.6666666666667,6.837236162443634
247,247,4,recov,0.0010730650825246089,6.837236162443634,476.6666666666667,6.837236162443634
248,248,5,recov,0.0010730650825246089,6.837236162443634,476.6666666666667,6.837236162443634
249,249,3,recov,0.0010730650825246089,6.837236162443634,476.6666666666667,6.837236162443634
250,250,4,recov,0.0010730650825246089,6.837236162443634,476.6666666666667,6.837236162443634
251,251,5,recov,0.0010730650825246089,6.837236162443634,476.6666666666667,6.837236162443634
252,252,3,recov,0.0010730650825246089,6.837236162443634,476.6666666666667,6.837236162443634
253,253,4,recov,0.0010730650825246089,6.837236162443634,476.6666666666667,6.837236162443634
254,254,5,recov,0.0010730650825246089,6.837236162443634,476.6666666666667,6.837236162443634
255,255,3,recov,0.0010730650825246089,6.837236162443634,476.6666666666667,6.837236162443634
256,256,4,recov,0.0010730650825246089,6.837236162443634,476.6666666666667,6.837236162443634
257,257,5,recov,0.0010730650825246089,6.837236162443634,476.6666666666667,6.837236162443634
258,258,3,recov,0.0010730650825246089,6.837236162443634,476.6666666666667,6.837236162443634
259,259,4,recov,0.0010730650825246089,6.837236162443634,476.6666666666667,6.837236162443634
260,260,5,recov,0.0010730650825246089,6.837236162443634,476.6666666666667,6.837236162443634
261,261,3,recov,0.0010730650825246089,6.837236162443634,476.6666666666667,6.837236162443634
262,262,4,recov,0.0010730650825246089,6.837236162443634,476.6666666666667,6.837236162443634
263,263,5,recov,0.0010730650825246089,6.837236162443634,476.6666666666667,6.837236162443634
264,264,3,recov,0.0010730650825246089,6.837236162443634,476.6666666666667,6.837236162443634
265,265,4,recov,0.0010730650825246089,6.837236162443634,476.6666666666667,6.837236162443634
266,266,5,recov,0.0010730650825246089,6.837236162443634,476.6666666666667,6.837236162443634
267,267,3,recov,0.0010730650825246089,6.837236162443634,476.6666666666667,6.837236162443634
268,268,4,recov,0.0010730650825246089,6.837236162443634,476.6666666666667,6.837236162443634
269,269,5,recov,0.0010730650825246089,6.837236162443634,476.6666666666667,6.837236162443634
270,270,3,recov,0.0010730650825246089,6.837236162443634,476.6666666666667,6.837236162443634
271,271,4,recov,0.0010730650825246089,6.837236162443634,476.6666666666667,6.837236162443634
272,272,5,recov,0.0010730650825246089,6.837236162443634,476.6666666666667,6.837236162443634
273,273,3,recov,0.0010730650825246089,6.837236162443634,476.6666666666667,6.837236162443634
274,274,4,recov,0.0010730650825246089,6.837236162443634,476.6666666666667,6.837236162443634
275,275,5,recov,0.0010730650825246089,6.837236162443634,476.6666666666667,6.837236162443634
276,276,3,recov,0.0010730650825246089,6.837236162443634,476.6666666666667,6.837236162443634
277,277,4,recov,0.0010730650825246089,6.837236162443634,476.6666666666667,6.837236162443634
278,278,5,recov,0.0010730650825246089,6.837236162443634,476.6666666666667,6.837236162443634
279,279,3,recov,0.0010730650825246089,6.837236162443634,476.6666666666667,6.837236162443634
280,280,4,recov,0.0010730650825246089,6.837236162443634,476.6666666666667,6.837236162443634
281,281,5,recov,0.0010730650825246089,6.837236162443634,476.6666666666667,6.837236162443634
282,282,3,recov,0.0010730650825246089,6.837236162443634,476.6666666666667,6.837236162443634
283,283,4,recov,0.0010730650825246089,6.837236162443634,476.6666666666667,6.837236162443634
284,284,5,recov,0.0010730650825246089,6.837236162443634,476.6666666666667,6.837236162443634
285,285,3,recov,0.0010730650825246089,6.837236162443634,476.6666666666667,6.837236162443634
286,286,4,recov,0.0010730650825246089,6.837236162443634,476.6666666666667,6.837236162443634
287,287,5,recov,0.0010730650825246089,6.837236162443634,476.6666666666667,6.837236162443634
288,288,3,recov,0.0010730650825246089,6.837236162443634,476.6666666666667,6.837236162443634
289,289,4,recov,0.0010730650825246089,6.837236162443634,476.6666666666667,6.837236162443634
290,290,5,recov,0.0010730650825246089,6.837236162443634,476.6666666666667,6.837236162443634
291,291,3,recov,0.0010730650825246089,6.837236162443634,476.6666666666667,6.837236162443634
292,292,4,recov,0.0010730650825246089,6.837236162443634,476.6666666666667,6.837236162443634
293,293,5,recov,0.0010730650825246089,6.837236162443634,476.6666666666667,6.837236162443634
294,294,3,recov,0.0010730650825246089,6.837236162443634,476.6666666666667,6.837236162443634
295,295,4,recov,0.0010730650825246089,6.837236162443634,476.6666666666667,6.837236162443634
296,296,5,recov,0.0010730650825246089,6.837236162443634,476.6666666666667,6.837236162443634
297,297,3,recov,0.0010730650825246089,6.837236162443634,476.6666666666667,6.837236162443634
298,298,4,recov,0.0010730650825246089,6.837236162443634,476.6666666666667,6.837236162443634
299,299,5,recov,0.0010730650825246089,6.837236162443634,476.6666666666667,6.837236162443634
300,300,3,recov,0.0010730650825246089,6.837236162443634,476.6666666666667,6.837236162443634
301,301,4,recov,0.0010730650825246089,6.837236162443634,476.6666666666667,6.837236162443634
302,302,5,recov,0.0010730650825246089,6.837236162443634,476.6666666666667,6.837236162443634
303,303,3,recov,0.0010730650825246089,6.837236162443634,476.6666666666667,6.837236162443634
304,304,4,recov,0.0010730650825246089,6.837236162443634,476.6666666666667,6.837236162443634
305,305,5,recov,0.0010730650825246089,6.837236162443634,476.6666666666667,6.837236162443634
306,306,3,recov,0.0010730650825246089,6.837236162443634,476.6666666666667,6.837236162443634
307,307,4,recov,0.0010730650825246089,6.837236162443634,476.6666666666667,6.837236162443634
308,308,5,recov,0.0010730650825246089,6.837236162443634,476.6666666666667,6.837236162443634
309,309,3,recov,0.0010730650825246089,6.837236162443634,476.6666666666667,6.837236162443634
310,310,4,recov,0.0010730650825246089,6.837236162443634,476.6666666666667,6.837236162443634
311,311,5,recov,0.0010730650825246089,6.837236162443634,476.6666666666667,6.837236162443634
312,312,3,recov,0.0010730650825246089,6.837236162443634,476.6666666666667,6.837236162443634
313,313,4,recov,0.0010730650825246089,6.837236162443634,476.6666666666667,6.837236162443634
314,314,5,recov,0.0010730650825246089,6.837236162443634,476.6666666666667,6.837236162443634
315,315,3,recov,0.0010730650825246089,6.837236162443634,476.6666666666667,6.837236162443634
316,316,4,recov,0.0010730650825246089,6.837236162443634,476.6666666666667,6.837236162443634
317,317,5,recov,0.0010730650825246089,6.837236162443634,476.6666666666667,6.837236162443634
318,318,3,recov,0.0010730650825246089,6.837236162443634,476.6666666666667,6.837236162443634
319,319,4,recov,0.0010730650825246089,6.837236162443634,476.6666666666667,6.837236162443634
320,320,5,recov,0.0010730650825246089,6.837236162443634,476.6666666666667,6.837236162443634
321,321,3,recov,0.0010730650825246089,6.837236162443634,476.6666666666667,6.837236162443634
322,322,4,recov,0.0010730650825246089,6.837236162443634,476.6666666666667,6.837236162443634
323,323,5,recov,0.0010730650825246089,6.837236162443634,476.6666666666667,6.837236162443634
324,324,3,recov,0.0010730650825246089,6.837236162443634,476.6666666666667,6.837236162443634
325,325,4,recov,0.0010730650825246089,6.837236162443634,476.6666666666667,6.837236162443634
326,326,5,recov,0.0010730650825246089,6.837236162443634,476.6666666666667,6.837236162443634
327,327,3,recov,0.0010730650825246089,6.837236162443634,476.6666666666667,6.837236162443634
328,328,4,recov,0.0010730650825246089,6.837236162443634,476.6666666666667,6.837236162443634
329,329,5,recov,0.0010730650825246089,6.837236162443634,476.6666666666667,6.837236162443634
330,330,3,recov,0.0010730650825246089,6.837236162443634,476.6666666666667,6.837236162443634
331,331,4,recov,0.0010730650825246089,6.837236162443634,476.6666666666667,6.837236162443634
332,332,5,recov,0.0010730650825246089,6.837236162443634,476.6666666666667,6.837236162443634
333,333,3,recov,0.0010730650825246089,6.837236162443634,476.6666666666667,6.837236162443634
334,334,4,recov,0.0010730650825246089,6.837236162443634,476.6666666666667,6.837236162443634
335,335,5,recov,0.0010730650825246089,6.837236162443634,476.6666666666667,6.837236162443634
336,336,3,recov,0.0010730650825246089,6.837236162443634,476.6666666666667,6.837236162443634
337,337,4,recov,0.0010730650825246089,6.837236162443634,476.6666666666667,6.837236162443634
338,338,5,recov,0.0010730650825246089,6.837236162443634,476.6666666666667,6.837236162443634
339,339,3,recov,0.0010730650825246089,6.837236162443634,476.6666666666667,6.837236162443634
340,340,4,recov,0.0010730650825246089,6.837236162443634,476.6666666666667,6.837236162443634
341,341,5,recov,0.0010730650825246089,6.837236162443634,476.6666666666667,6.837236162443634
342,342,3,recov,0.0010730650825246089,6.837236162443634,476.6666666666667,6.837236162443634
343,343,4,recov,0.0010730650825246089,6.837236162443634,476.6666666666667,6.837236162443634
344,344,5,recov,0.0010730650825246089,6.837236162443634,476.6666666666667,6.837236162443634
345,345,3,recov,0.0010730650825246089,6.837236162443634,476.6666666666667,6.837236162443634
346,346,4,recov,0.0010730650825246089,6.837236162443634,476.6666666666667,6.837236162443634
347,347,5,recov,0.0010730650825246089,6.837236162443634,476.6666666666667,6.837236162443634
348,348,3,recov,0.0010730650825246089,6.837236162443634,476.6666666666667,6.837236162443634
349,349,4,recov,0.0010730650825246089,6.837236162443634,476.6666666666667,6.837236162443634
350,350,5,recov,0.0010730650825246089,6.837236162443634,476.6666666666667,6.837236162443634
351,351,3,recov,0.0010730650825246089,6.837236162443634,476.6666666666667,6.837236162443634
352,352,4,recov,0.0010730650825246089,6.837236162443634,476.6666666666667,6.837236162443634
353,353,5,recov,0.0010730650825246089,6.837236162443634,476.6666666666667,6.837236162443634
354,354,3,recov,0.0010730650825246089,6.837236162443634,476.6666666666667,6.837236162443634
355,355,4,recov,0.0010730650825246089,6.837236162443634,476.6666666666667,6.837236162443634
356,356,5,recov,0.0010730650825246089,6.837236162443634,476.6666666666667,6.837236162443634
357,357,3,recov,0.0010730650825246089,6.837236162443634,476.6666666666667,6.837236162443634
358,358,4,recov,0.0010730650825246089,6.837236162443634,476.6666666666667,6.837236162443634
359,359,5,recov,0.0010730650825246089,6.837236162443634,476.6666666666667,6.837236162443634
360,360,3,recov,0.0010730650825246089,6.837236162443634,476.6666666666667,6.837236162443634
361,361,4,recov,0.0010730650825246089,6.837236162443634,476.6666666666667,6.837236162443634
362,362,5,recov,0.0010730650825246089,6.837236162443634,476.6666666666667,6.837236162443634
363,363,3,recov,0.0010730650825246089,6.837236162443634,476.6666666666667,6.837236162443634
364,364,4,recov,0.0010730650825246089,6.837236162443634,476.6666666666667,6.837236162443634
365,365,5,recov,0.0010730650825246089,6.837236162443634,476.6666666666667,6.837236162443634
366,366,3,recov,0.0010730650825246089,6.837236162443634,476.6666666666667,6.837236162443634
367,367,4,recov,0.0010730650825246089,6.837236162443634,476.6666666666667,6.837236162443634
368,368,5,recov,0.0010730650825246089,6.837236162443634,476.6666666666667,6.837236162443634
369,369,3,recov,0.0010730650825246089,6.837236162443634,476.6666666666667,6.837236162443634
370,370,4,recov,0.0010730650825246089,6.837236162443634,476.6666666666667,6.837236162443634
371,371,5,recov,0.0010730650825246089,6.837236162443634,476.6666666666667,6.837236162443634
372,372,3,recov,0.0010730650825246089,6.837236162443634,476.6666666666667,6.837236162443634
373,373,4,recov,0.0010730650825246089,6.837236162443634,476.6666666666667,6.837236162443634
374,374,5,recov,0.0010730650825246089,6.837236162443634,476.6666666666667,6.837236162443634
375,375,3,recov,0.0010730650825246089,6.837236162443634,476.6666666666667,6.837236162443634
376,376,4,recov,0.0010730650825246089,6.837236162443634,476.6666666666667,6.837236162443634
377,377,5,recov,0.0010730650825246089,6.837236162443634,476.6666666666667,6.837236162443634
378,378,3,recov,0.0010730650825246089,6.837236162443634,476.6666666666667,6.837236162443634
379,379,4,recov,0.0010730650825246089,6.837236162443634,476.6666666666667,6.837236162443634
380,380,5,recov,0.0010730650825246089,6.837236162443634,476.6666666666667,6.837236162443634
381,381,3,recov,0.0010730650825246089,6.837236162443634,476.6666666666667,6.837236162443634
382,382,4,recov,0.0010730650825246089,6.837236162443634,476.6666666666667,6.837236162443634
383,383,5,recov,0.0010730650825246089,6.837236162443634,476.6666666666667,6.837236162443634
384,384,3,recov,0.0010730650825246089,6.837236162443634,476.6666666666667,6.837236162443634
385,385,4,recov,0.0010730650825246089,6.837236162443634,476.6666666666667,6.837236162443634
386,386,5,recov,0.0010730650825246089,6.837236162443634,476.6666666666667,6.837236162443634
387,387,3,recov,0.0010730650825246089,6.837236162443634,476.6666666666667,6.837236162443634
388,388,4,recov,0.0010730650825246089,6.837236162443634,476.6666666666667,6.837236162443634
389,389,5,recov,0.0010730650825246089,6.837236162443634,476.6666666666667,6.837236162443634
390,390,3,recov,0.0010730650825246089,6.837236162443634,476.6666666666667,6.837236162443634
391,391,4,recov,0.0010730650825246089,6.837236162443634,476.6666666666667,6.837236162443634
392,392,5,recov,0.0010730650825246089,6.837236162443634,476.6666666666667,6.837236162443634
393,393,3,recov,0.0010730650825246089,6.837236162443634,476.6666666666667,6.837236162443634
394,394,4,recov,0.0010730650825246089,6.837236162443634,476.6666666666667,6.837236162443634
395,395,5,recov,0.0010730650825246089,6.837236162443634,476.6666666666667,6.837236162443634
396,396,3,recov,0.0010730650825246089,6.837236162443634,476.6666666666667,6.837236162443634
397,397,4,recov,0.0010730650825246089,6.837236162443634,476.6666666666667,6.837236162443634
398,398,5,recov,0.0010730650825246089,6.837236162443634,476.6666666666667,6.837236162443634
399,399,3,recov,0.0010730650825246089,6.837236162443634,476.6666666666667,6.837236162443634
400,400,4,recov,0.0010730650825246089,6.837236162443634,476.6666666666667,6.837236162443634
401,401,5,recov,0.0010730650825246089,6.837236162443634,476.6666666666667,6.837236162443634
402,402,3,recov,0.0010730650825246089,6.837236162443634,476.6666666666667,6.837236162443634
403,403,4,recov,0.0010730650825246089,6.837236162443634,476.6666666666667,6.837236162443634
404,404,5,recov,0.0010730650825246089,6.837236162443634,476.6666666666667,6.837236162443634
405,405,3,recov,0.0010730650825246089,6.837236162443634,476.6666666666667,6.837236162443634
406,406,4,recov,0.0010730650825246089,6.837236162443634,476.6666666666667,6.837236162443634
407,407,5,recov,0.0010730650825246089,6.837236162443634,476.6666666666667,6.837236162443634
408,408,3,recov,0.0010730650825246089,6.837236162443634,476.6666666666667,6.837236162443634
409,409,4,recov,0.0010730650825246089,6.837236162443634,476.6666666666667,6.837236162443634
410,410,5,recov,0.0010730650825246089,6.837236162443634,476.6666666666667,6.837236162443634
411,411,3,recov,0.0010730650825246089,6.837236162443634,476.6666666666667,6.837236162443634
412,412,4,recov,0.0010730650825246089,6.837236162443634,476.6666666666667,6.837236162443634
413,413,5,recov,0.0010730650825246089,6.837236162443634,476.6666666666667,6.837236162443634
414,414,3,recov,0.0010730650825246089,6.837236162443634,476.6666666666667,6.837236162443634
415,415,4,recov,0.0010730650825246089,6.837236162443634,476.6666666666667,6.837236162443634
416,416,5,recov,0.0010730650825246089,6.837236162443634,476.6666666666667,6.837236162443634
417,417,3,recov,0.0010730650825246089,6.837236162443634,476.6666666666667,6.837236162443634
418,418,4,recov,0.0010730650825246089,6.837236162443634,476.6666666666667,6.837236162443634
419,419,5,recov,0.0010730650825246089,6.837236162443634,476.6666666666667,6.837236162443634
420,420,3,recov,0.0010730650825246089,6.837236162443634,476.6666666666667,6.837236162443634
421,421,4,recov,0.0010730650825246089,6.837236162443634,476.6666666666667,6.837236162443634
422,422,5,recov,0.0010730650825246089,6.837236162443634,476.6666666666667,6.837236162443634
423,423,3,recov,0.0010730650825246089,6.837236162443634,476.6666666666667,6.837236162443634
424,424,4,recov,0.0010730650825246089,6.837236162443634,476.6666666666667,6.837236162443634
425,425,5,recov,0.0010730650825246089,6.837236162443634,476.6666666666667,6.837236162443634
426,426,3,recov,0.0010730650825246089,6.837236162443634,476.6666666666667,6.837236162443634
427,427,4,recov,0.0010730650825246089,6.837236162443634,476.6666666666667,6.837236162443634
428,428,5,recov,0.0010730650825246089,6.837236162443634,476.6666666666667,6.837236162443634
429,429,3,recov,0.0010730650825246089,6.837236162443634,476.6666666666667,6.837236162443634
430,430,4,recov,0.0010730650825246089,6.837236162443634,476.6666666666667,6.837236162443634
431,431,5,recov,0.0010730650825246089,6.837236162443634,476.6666666666667,6.837236162443634
432,432,3,recov,0.0010730650825246089,6.837236162443634,476.6666666666667,6.837236162443634
433,433,4,recov,0.0010730650825246089,6.837236162443634,476.6666666666667,6.837236162443634
434,434,5,recov,0.0010730650825246089,6.837236162443634,476.6666666666667,6.837236162443634
435,435,3,recov,0.0010730650825246089,6.837236162443634,476.6666666666667,6.837236162443634
436,436,4,recov,0.0010730650825246089,6.837236162443634,476.6666666666667,6.837236162443634
437,437,5,recov,0.0010730650825246089,6.837236162443634,476.6666666666667,6.837236162443634
438,438,3,recov,0.0010730650825246089,6.837236162443634,476.6666666666667,6.837236162443634
439,439,4,recov,0.0010730650825246089,6.837236162443634,476.6666666666667,6.837236162443634
440,440,5,recov,0.0010730650825246089,6.837236162443634,476.6666666666667,6.837236162443634
441,441,3,recov,0.0010730650825246089,6.837236162443634,476.6666666666667,6.837236162443634
442,442,4,recov,0.0010730650825246089,6.837236162443634,476.6666666666667,6.837236162443634
443,443,5,recov,0.0010730650825246089,6.837236162443634,476.6666666666667,6.837236162443634
444,444,3,recov,0.0010730650825246089,6.837236162443634,476.6666666666667,6.837236162443634
445,445,4,recov,0.0010730650825246089,6.837236162443634,476.6666666666667,6.837236162443634
446,446,5,recov,0.0010730650825246089,6.837236162443634,476.6666666666667,6.837236162443634
447,447,3,recov,0.0010730650825246089,6.837236162443634,476.6666666666667,6.837236162443634
448,448,4,recov,0.0010730650825246089,6.837236162443634,476.6666666666667,6.837236162443634
449,449,5,recov,0.0010730650825246089,6.837236162443634,476.6666666666667,6.837236162443634
450,450,3,recov,0.0010730650825246089,6.837236162443634,476.6666666666667,6.837236162443634
451,451,4,recov,0.0010730650825246089,6.837236162443634,476.6666666666667,6.837236162443634
452,452,5,recov,0.0010730650825246089,6.837236162443634,476.6666666666667,6.837236162443634
453,453,3,recov,0.0010730650825246089,6.837236162443634,476.6666666666667,6.837236162443634
454,454,4,recov,0.0010730650825246089,6.837236162443634,476.6666666666667,6.837236162443634
455,455,5,recov,0.0010730650825246089,6.837236162443634,476.6666666666667,6.837236162443634
456,456,3,recov,0.0010730650825246089,6.837236162443634,476.6666666666667,6.837236162443634
457,457,4,recov,0.0010730650825246089,6.837236162443634,476.6666666666667,6.837236162443634
458,458,5,recov,0.0010730650825246089,6.837236162443634,476.6666666666667,6.837236162443634
459,459,3,recov,0.0010730650825246089,6.837236162443634,476.6666666666667,6.837236162443634
460,460,4,recov,0.0010730650825246089,6.837236162443634,476.6666666666667,6.837236162443634
461,461,5,recov,0.0010730650825246089,6.837236162443634,476.6666666666667,6.837236162443634
462,462,3,recov,0.0010730650825246089,6.837236162443634,476.6666666666667,6.837236162443634
463,463,4,recov,0.0010730650825246089,6.837236162443634,476.6666666666667,6.837236162443634
464,464,5,recov,0.0010730650825246089,6.837236162443634,476.6666666666667,6.837236162443634
465,465,3,recov,0.0010730650825246089,6.837236162443634,476.6666666666667,6.837236162443634
466,466,4,recov,0.0010730650825246089,6.837236162443634,476.6666666666667,6.837236162443634
467,467,5,recov,0.0010730650825246089,6.837236162443634,476.6666666666667,6.837236162443634
468,468,3,recov,0.0010730650825246089,6.837236162443634,476.6666666666667,6.837236162443634
469,469,4,recov,0.0010730650825246089,6.837236162443634,476.6666666666667,6.837236162443634
470,470,5,recov,0.0010730650825246089,6.837236162443634,476.6666666666667,6.837236162443634
471,471,3,recov,0.0010730650825246089,6.837236162443634,476.6666666666667,6.837236162443634
472,472,4,recov,0.0010730650825246089,6.837236162443634,476.6666666666667,6.837236162443634
473,473,5,recov,0.0010730650825246089,6.837236162443634,476.6666666666667,6.837236162443634
474,474,3,recov,0.0010730650825246089,6.837236162443634,476.6666666666667,6.837236162443634
475,475,4,recov,0.0010730650825246089,6.837236162443634,476.6666666666667,6.837236162443634
476,476,5,recov,0.0010730650825246089,6.837236162443634,476.6666666666667,6.837236162443634
477,477,3,recov,0.0010730650825246089,6.837236162443634,476.6666666666667,6.837236162443634
478,478,4,recov,0.0010730650825246089,6.837236162443634,476.6666666666667,6.837236162443634
479,479,5,recov,0.0010730650825246089,6.837236162443634,476.6666666666667,6.837236162443634
480,480,3,recov,0.0010730650825246089,6.837236162443634,476.6666666666667,6.837236162443634
481,481,4,recov,0.0010730650825246089,6.837236162443634,476.6666666666667,6.837236162443634
482,482,5,recov,0.0010730650825246089,6.837236162443634,476.6666666666667,6.837236162443634
483,483,3,recov,0.0010730650825246089,6.837236162443634,476.6666666666667,6.837236162443634
484,484,4,recov,0.0010730650825246089,6.837236162443634,476.6666666666667,6.837236162443634
485,485,5,recov,0.0010730650825246089,6.837236162443634,476.6666666666667,6.837236162443634
486,486,3,recov,0.0010730650825246089,6.837236162443634,476.6666666666667,6.837236162443634
487,487,4,recov,0.0010730650825246089,6.837236162443634,476.6666666666667,6.837236162443634
488,488,5,recov,0.0010730650825246089,6.837236162443634,476.6666666666667,6.837236162443634
489,489,3,recov,0.0010730650825246089,6.837236162443634,476.6666666666667,6.837236162443634
490,490,4,recov,0.0010730650825246089,6.837236162443634,476.6666666666667,6.837236162443634
491,491,5,recov,0.0010730650825246089,6.837236162443634,476.6666666666667,6.837236162443634
492,492,3,recov,0.0010730650825246089,6.837236162443634,476.6666666666667,6.837236162443634
493,493,4,recov,0.0010730650825246089,6.837236162443634,476.6666666666667,6.837236162443634
494,494,5,recov,0.0010730650825246089,6.837236162443634,476.6666666666667,6.837236162443634
495,495,3,recov,0.0010730650825246089,6.837236162443634,476.6666666666667,6.837236162443634
496,496,4,recov,0.0010730650825246089,6.837236162443634,476.6666666666667,6.837236162443634
497,497,5,recov,0.0010730650825246089,6.837236162443634,476.6666666666667,6.837236162443634
498,498,3,recov,0.0010730650825246089,6.837236162443634,476.6666666666667,6.837236162443634
499,499,4,recov,0.0010730650825246089,6.837236162443634,476.6666666666667,6.837236162443634
500,500,5,recov,0.0010730650825246089,6.837236162443634,476.6666666666667,6.837236162443634
501,501,3,recov,0.0010730650825246089,6.837236162443634,476.6666666666667,6.837236162443634
502,502,4,recov,0.0010730650825246089,6.837236162443634,476.6666666666667,6.837236162443634
503,503,5,recov,0.0010730650825246089,6.837236162443634,476.6666666666667,6.837236162443634
504,504,3,recov,0.0010730650825246089,6.837236162443634,476.6666666666667,6.837236162443634
505,505,4,recov,0.0010730650825246089,6.837236162443634,476.6666666666667,6.837236162443634
506,506,5,recov,0.0010730650825246089,6.837236162443634,476.6666666666667,6.837236162443634
507,507,3,recov,0.0010730650825246089,6.837236162443634,476.6666666666667,6.837236162443634
508,508,4,recov,0.0010730650825246089,6.837236162443634,476.6666666666667,6.837236162443634
509,509,5,recov,0.0010730650825246089,6.837236162443634,476.6666666666667,6.837236162443634
510,510,3,recov,0.0010730650825246089,6.837236162443634,476.6666666666667,6.837236162443634
511,511,4,recov,0.0010730650825246089,6.837236162443634,476.6666666666667,6.837236162443634
512,512,5,recov,0.0010730650825246089,6.837236162443634,476.6666666666667,6.837236162443634
513,513,3,recov,0.0010730650825246089,6.837236162443634,476.6666666666667,6.837236162443634
514,514,4,recov,0.0010730650825246089,6.837236162443634,476.6666666666667,6.837236162443634
515,515,5,recov,0.0010730650825246089,6.837236162443634,476.6666666666667,6.837236162443634
516,516,3,recov,0.0010730650825246089,6.837236162443634,476.6666666666667,6.837236162443634
517,517,4,recov,0.0010730650825246089,6.837236162443634,476.6666666666667,6.837236162443634
518,518,5,recov,0.0010730650825246089,6.837236162443634,476.6666666666667,6.837236162443634
519,519,3,recov,0.0010730650825246089,6.837236162443634,476.6666666666667,6.837236162443634
520,520,4,recov,0.0010730650825246089,6.837236162443634,476.6666666666667,6.837236162443634
521,521,5,recov,0.0010730650825246089,6.837236162443634,476.6666666666667,6.837236162443634
522,522,3,recov,0.0010730650825246089,6.837236162443634,476.6666666666667,6.837236162443634
523,523,4,recov,0.0010730650825246089,6.837236162443634,476.6666666666667,6.837236162443634
524,524,5,recov,0.0010730650825246089,6.837236162443634,476.6666666666667,6.837236162443634
525,525,3,recov,0.0010730650825246089,6.837236162443634,476.6666666666667,6.837236162443634
526,526,4,recov,0.0010730650825246089,6.837236162443634,476.6666666666667,6.837236162443634
527,527,5,recov,0.0010730650825246089,6.837236162443634,476.6666666666667,6.837236162443634
528,528,3,recov,0.0010730650825246089,6.837236162443634,476.6666666666667,6.837236162443634
529,529,4,recov,0.0010730650825246089,6.837236162443634,476.6666666666667,6.837236162443634
530,530,5,recov,0.0010730650825246089,6.837236162443634,476.6666666666667,6.837236162443634
531,531,3,recov,0.0010730650825246089,6.837236162443634,476.6666666666667,6.837236162443634
532,532,4,recov,0.0010730650825246089,6.837236162443634,476.6666666666667,6.837236162443634
533,533,5,recov,0.0010730650825246089,6.837236162443634,476.6666666666667,6.837236162443634
534,534,3,recov,0.0010730650825246089,6.837236162443634,476.6666666666667,6.837236162443634
535,535,4,recov,0.0010730650825246089,6.837236162443634,476.6666666666667,6.837236162443634
536,536,5,recov,0.0010730650825246089,6.837236162443634,476.6666666666667,6.837236162443634
537,537,3,recov,0.0010730650825246089,6.837236162443634,476.6666666666667,6.837236162443634
538,538,4,recov,0.0010730650825246089,6.837236162443634,476.6666666666667,6.837236162443634
539,539,5,recov,0.0010730650825246089,6.837236162443634,476.6666666666667,6.837236162443634
540,540,3,recov,0.0010730650825246089,6.837236162443634,476.6666666666667,6.837236162443634
541,541,4,recov,0.0010730650825246089,6.837236162443634,476.6666666666667,6.837236162443634
542,542,5,recov,0.0010730650825246089,6.837236162443634,476.6666666666667,6.837236162443634
543,543,0,fam_r,0.0009755136227028626,6.932546433157137,476.6666666666667,6.837236162443634
544,544,1,fam_r,0.0009755136227028626,6.932546433157137,476.6666666666667,6.837236162443634
545,545,2,fam_r,0.0009755136227028626,6.932546433157137,476.6666666666667,6.837236162443634
546,546,0,fam_r,0.0010730649849731491,6.8372362533528115,476.6666666666667,6.837236162443634
547,547,1,fam_r,0.0010730649849731491,6.8372362533528115,476.6666666666667,6.837236162443634
548,548,2,fam_r,0.0010730649849731491,6.8372362533528115,476.6666666666667,6.837236162443634
549,549,0,fam_r,0.001073065082524511,6.837236162443725,476.6666666666667,6.837236162443634
550,550,1,fam_r,0.001073065082524511,6.837236162443725,476.6666666666667,6.837236162443634
551,551,2,fam_r,0.001073065082524511,6.837236162443725,476.6666666666667,6.837236162443634
552,552,0,fam_r,0.0010730650825246089,6.837236162443634,476.6666666666667,6.837236162443634
553,553,1,fam_r,0.0010730650825246089,6.837236162443634,476.6666666666667,6.837236162443634
554,554,2,fam_r,0.0010730650825246089,6.837236162443634,476.6666666666667,6.837236162443634
555,555,0,fam_r,0.0010730650825246089,6.837236162443634,476.6666666666667,6.837236162443634
556,556,1,fam_r,0.0010730650825246089,6.837236162443634,476.6666666666667,6.837236162443634
557,557,2,fam_r,0.0010730650825246089,6.837236162443634,476.6666666666667,6.837236162443634
